 0.113749E-05 0.000000E+00 0.000000E+00 0.122940E+01 0.000000E+00 0.000000E+00 0.000000E+00 0.000000E+00 0.000000E+00
 0.250018E-02 0.000000E+00 0.000000E+00 0.122940E+01 0.000000E+00 0.000000E+00 0.000000E+00 0.000000E+00 0.000000E+00
 0.500033E-02 0.000000E+00 0.000000E+00 0.122940E+01 0.000000E+00 0.000000E+00 0.000000E+00 0.000000E+00 0.000000E+00
 0.750045E-02 0.000000E+00 0.000000E+00 0.122940E+01 0.000000E+00 0.000000E+00 0.000000E+00 0.000000E+00 0.000000E+00
 0.100005E-01 0.000000E+00 0.000000E+00 0.122940E+01 0.000000E+00 0.000000E+00 0.000000E+00 0.000000E+00 0.000000E+00
 0.125006E-01 0.000000E+00 0.000000E+00 0.122940E+01 0.000000E+00 0.000000E+00 0.000000E+00 0.000000E+00 0.000000E+00
 0.150006E-01 0.000000E+00 0.000000E+00 0.122940E+01 0.000000E+00 0.000000E+00 0.000000E+00 0.000000E+00 0.000000E+00
 0.175005E-01 0.000000E+00 0.000000E+00 0.122940E+01 0.000000E+00 0.000000E+00 0.000000E+00 0.000000E+00 0.000000E+00
 0.200004E-01 0.000000E+00 0.000000E+00 0.122940E+01 0.000000E+00 0.000000E+00 0.000000E+00 0.000000E+00 0.000000E+00
 0.225003E-01 0.000000E+00 0.000000E+00 0.122940E+01 0.000000E+00 0.000000E+00 0.000000E+00 0.000000E+00 0.000000E+00
 0.250001E-01 0.000000E+00 0.000000E+00 0.122940E+01 0.000000E+00 0.000000E+00 0.000000E+00 0.000000E+00 0.000000E+00
 0.275010E-01 0.000000E+00 0.000000E+00 0.122940E+01 0.000000E+00 0.000000E+00 0.000000E+00 0.000000E+00 0.000000E+00
 0.300007E-01 0.000000E+00 0.000000E+00 0.122940E+01 0.000000E+00 0.000000E+00 0.000000E+00 0.000000E+00 0.000000E+00
 0.325004E-01 0.000000E+00 0.000000E+00 0.122940E+01 0.000000E+00 0.000000E+00 0.000000E+00 0.000000E+00 0.000000E+00
 0.350011E-01 0.000000E+00 0.000000E+00 0.122940E+01 0.000000E+00 0.000000E+00 0.000000E+00 0.000000E+00 0.000000E+00
 0.375006E-01 0.000000E+00 0.000000E+00 0.122940E+01 0.000000E+00 0.000000E+00 0.000000E+00 0.000000E+00 0.000000E+00
 0.400001E-01 0.000000E+00 0.000000E+00 0.122940E+01 0.000000E+00 0.000000E+00 0.000000E+00 0.000000E+00 0.000000E+00
 0.425006E-01 0.000000E+00 0.000000E+00 0.122940E+01 0.000000E+00 0.000000E+00 0.000000E+00 0.000000E+00 0.000000E+00
 0.450010E-01 0.000000E+00 0.000000E+00 0.122940E+01 0.000000E+00 0.000000E+00 0.000000E+00 0.000000E+00 0.000000E+00
 0.475003E-01 0.000000E+00 0.000000E+00 0.122940E+01 0.000000E+00 0.000000E+00 0.000000E+00 0.000000E+00 0.000000E+00
 0.500005E-01 0.000000E+00 0.000000E+00 0.122940E+01 0.000000E+00 0.000000E+00 0.000000E+00 0.000000E+00 0.000000E+00
 0.525007E-01 0.000000E+00 0.000000E+00 0.122940E+01 0.000000E+00 0.000000E+00 0.000000E+00 0.000000E+00 0.000000E+00
 0.550008E-01 0.000000E+00 0.000000E+00 0.122940E+01 0.000000E+00 0.000000E+00 0.000000E+00 0.000000E+00 0.000000E+00
 0.575009E-01 0.000000E+00 0.000000E+00 0.122940E+01 0.000000E+00 0.000000E+00 0.000000E+00 0.000000E+00 0.000000E+00
 0.600008E-01 0.000000E+00 0.000000E+00 0.122940E+01 0.000000E+00 0.000000E+00 0.000000E+00 0.000000E+00 0.000000E+00
 0.625006E-01 0.000000E+00 0.000000E+00 0.122940E+01 0.000000E+00 0.000000E+00 0.000000E+00 0.000000E+00 0.000000E+00
 0.650003E-01 0.000000E+00 0.000000E+00 0.122940E+01 0.000000E+00 0.000000E+00 0.000000E+00 0.000000E+00 0.000000E+00
 0.675010E-01 0.000000E+00 0.000000E+00 0.122940E+01 0.000000E+00 0.000000E+00 0.000000E+00 0.000000E+00 0.000000E+00
 0.700005E-01 0.000000E+00 0.000000E+00 0.122940E+01 0.000000E+00 0.000000E+00 0.000000E+00 0.000000E+00 0.000000E+00
 0.725011E-01 0.000000E+00 0.000000E+00 0.122940E+01 0.000000E+00 0.000000E+00 0.000000E+00 0.000000E+00 0.000000E+00
 0.750003E-01 0.000000E+00 0.000000E+00 0.122940E+01 0.000000E+00 0.000000E+00 0.000000E+00 0.000000E+00 0.000000E+00
 0.775006E-01 0.000000E+00 0.000000E+00 0.122940E+01 0.000000E+00 0.000000E+00 0.000000E+00 0.000000E+00 0.000000E+00
 0.800007E-01 0.000000E+00 0.000000E+00 0.122940E+01 0.000000E+00 0.000000E+00 0.000000E+00 0.000000E+00 0.000000E+00
 0.825008E-01 0.000000E+00 0.000000E+00 0.122940E+01 0.000000E+00 0.000000E+00 0.000000E+00 0.000000E+00 0.000000E+00
 0.850006E-01 0.000000E+00 0.000000E+00 0.122940E+01 0.000000E+00 0.000000E+00 0.000000E+00 0.000000E+00 0.000000E+00
 0.875003E-01 0.000000E+00 0.000000E+00 0.122940E+01 0.000000E+00 0.000000E+00 0.000000E+00 0.000000E+00 0.000000E+00
 0.900010E-01 0.000000E+00 0.000000E+00 0.122940E+01 0.000000E+00 0.000000E+00 0.000000E+00 0.000000E+00 0.000000E+00
 0.925004E-01 0.000000E+00 0.000000E+00 0.122940E+01 0.000000E+00 0.000000E+00 0.000000E+00 0.000000E+00 0.000000E+00
 0.950007E-01 0.000000E+00 0.000000E+00 0.122940E+01 0.000000E+00 0.000000E+00 0.000000E+00 0.000000E+00 0.000000E+00
 0.975009E-01 0.000000E+00 0.000000E+00 0.122940E+01 0.000000E+00 0.000000E+00 0.000000E+00 0.000000E+00 0.000000E+00
 0.100001E+00 0.000000E+00 0.000000E+00 0.122940E+01 0.000000E+00 0.000000E+00 0.000000E+00 0.000000E+00 0.000000E+00
 0.102501E+00 0.000000E+00 0.000000E+00 0.122940E+01 0.000000E+00 0.000000E+00 0.000000E+00 0.000000E+00 0.000000E+00
 0.105000E+00 0.000000E+00 0.000000E+00 0.122940E+01 0.000000E+00 0.000000E+00 0.000000E+00 0.000000E+00 0.000000E+00
 0.107500E+00 0.000000E+00 0.000000E+00 0.122940E+01 0.000000E+00 0.000000E+00 0.000000E+00 0.000000E+00 0.000000E+00
 0.110001E+00 0.000000E+00 0.000000E+00 0.122940E+01 0.000000E+00 0.000000E+00 0.000000E+00 0.000000E+00 0.000000E+00
 0.112500E+00 0.000000E+00 0.000000E+00 0.122940E+01 0.000000E+00 0.000000E+00 0.000000E+00 0.000000E+00 0.000000E+00
 0.115001E+00 0.000000E+00 0.000000E+00 0.122940E+01 0.000000E+00 0.000000E+00 0.000000E+00 0.000000E+00 0.000000E+00
 0.117500E+00 0.000000E+00 0.000000E+00 0.122940E+01 0.000000E+00 0.000000E+00 0.000000E+00 0.000000E+00 0.000000E+00
 0.120001E+00 0.000000E+00 0.000000E+00 0.122940E+01 0.000000E+00 0.000000E+00 0.000000E+00 0.000000E+00 0.000000E+00
 0.122500E+00 0.000000E+00 0.000000E+00 0.122940E+01 0.000000E+00 0.000000E+00 0.000000E+00 0.000000E+00 0.000000E+00
 0.125000E+00 0.000000E+00 0.000000E+00 0.122940E+01 0.000000E+00 0.000000E+00 0.000000E+00 0.000000E+00 0.000000E+00
 0.127501E+00 0.000000E+00 0.000000E+00 0.122940E+01 0.000000E+00 0.000000E+00 0.000000E+00 0.000000E+00 0.000000E+00
 0.130001E+00 0.000000E+00 0.000000E+00 0.122940E+01 0.000000E+00 0.000000E+00 0.000000E+00 0.000000E+00 0.000000E+00
 0.132501E+00 0.000000E+00 0.000000E+00 0.122940E+01 0.000000E+00 0.000000E+00 0.000000E+00 0.000000E+00 0.000000E+00
 0.135000E+00 0.000000E+00 0.000000E+00 0.122940E+01 0.000000E+00 0.000000E+00 0.000000E+00 0.000000E+00 0.000000E+00
 0.137501E+00 0.000000E+00 0.000000E+00 0.122940E+01 0.000000E+00 0.000000E+00 0.000000E+00 0.000000E+00 0.000000E+00
 0.140001E+00 0.000000E+00 0.000000E+00 0.122940E+01 0.000000E+00 0.000000E+00 0.000000E+00 0.000000E+00 0.000000E+00
 0.142501E+00 0.000000E+00 0.000000E+00 0.122940E+01 0.000000E+00 0.000000E+00 0.000000E+00 0.000000E+00 0.000000E+00
 0.145000E+00 0.000000E+00 0.000000E+00 0.122940E+01 0.000000E+00 0.000000E+00 0.000000E+00 0.000000E+00 0.000000E+00
 0.147501E+00 0.000000E+00 0.000000E+00 0.122940E+01 0.000000E+00 0.000000E+00 0.000000E+00 0.000000E+00 0.000000E+00
 0.150000E+00 0.000000E+00 0.000000E+00 0.122940E+01 0.000000E+00 0.000000E+00 0.000000E+00 0.000000E+00 0.000000E+00
 0.152501E+00 0.000000E+00 0.000000E+00 0.122940E+01 0.000000E+00 0.000000E+00 0.000000E+00 0.000000E+00 0.000000E+00
 0.155001E+00 0.000000E+00 0.000000E+00 0.122940E+01 0.000000E+00 0.000000E+00 0.000000E+00 0.000000E+00 0.000000E+00
 0.157501E+00 0.000000E+00 0.000000E+00 0.122940E+01 0.000000E+00 0.000000E+00 0.000000E+00 0.000000E+00 0.000000E+00
 0.160000E+00 0.000000E+00 0.000000E+00 0.122940E+01 0.000000E+00 0.000000E+00 0.000000E+00 0.000000E+00 0.000000E+00
 0.162500E+00 0.000000E+00 0.000000E+00 0.122940E+01 0.000000E+00 0.000000E+00 0.000000E+00 0.000000E+00 0.000000E+00
 0.165000E+00 0.000000E+00 0.000000E+00 0.122940E+01 0.000000E+00 0.000000E+00 0.000000E+00 0.000000E+00 0.000000E+00
 0.167500E+00 0.000000E+00 0.000000E+00 0.122940E+01 0.000000E+00 0.000000E+00 0.000000E+00 0.000000E+00 0.000000E+00
 0.170000E+00 0.000000E+00 0.000000E+00 0.122940E+01 0.000000E+00 0.000000E+00 0.000000E+00 0.000000E+00 0.000000E+00
 0.172500E+00 0.000000E+00 0.458264E-04 0.122940E+01 0.000000E+00 0.000000E+00 0.000000E+00 0.000000E+00 0.000000E+00
 0.175000E+00 0.000000E+00 0.484570E-03 0.122940E+01 0.000000E+00 0.000000E+00 0.000000E+00 0.000000E+00 0.000000E+00
 0.177500E+00 0.000000E+00 0.134298E-02 0.122940E+01 0.000000E+00 0.000000E+00 0.000000E+00 0.000000E+00 0.000000E+00
 0.180000E+00 0.000000E+00 0.199345E-02 0.122940E+01 0.000000E+00 0.000000E+00 0.000000E+00 0.000000E+00 0.000000E+00
 0.182500E+00 0.000000E+00 0.262165E-02 0.122940E+01 0.000000E+00 0.000000E+00 0.000000E+00 0.000000E+00 0.000000E+00
 0.185000E+00 0.000000E+00 0.335464E-02 0.122940E+01 0.000000E+00 0.000000E+00 0.000000E+00 0.000000E+00 0.000000E+00
 0.187500E+00 0.000000E+00 0.401226E-02 0.122940E+01 0.000000E+00 0.000000E+00 0.000000E+00 0.000000E+00 0.000000E+00
 0.190000E+00 0.000000E+00 0.487719E-02 0.122940E+01 0.000000E+00 0.000000E+00 0.000000E+00 0.000000E+00 0.000000E+00
 0.192500E+00 0.000000E+00 0.560971E-02 0.122940E+01 0.000000E+00 0.000000E+00 0.000000E+00 0.000000E+00 0.000000E+00
 0.195000E+00 0.000000E+00 0.653389E-02 0.122940E+01 0.000000E+00 0.000000E+00 0.000000E+00 0.000000E+00 0.000000E+00
 0.197500E+00 0.000000E+00 0.784996E-02 0.122940E+01 0.000000E+00 0.000000E+00 0.000000E+00 0.000000E+00 0.000000E+00
 0.200000E+00 0.000000E+00 0.862527E-02 0.122940E+01 0.000000E+00 0.000000E+00 0.000000E+00 0.000000E+00 0.000000E+00
 0.202500E+00 0.000000E+00 0.941813E-02 0.122940E+01 0.000000E+00 0.000000E+00 0.000000E+00 0.000000E+00 0.000000E+00
 0.205000E+00 0.000000E+00 0.101984E-01 0.122940E+01 0.000000E+00 0.000000E+00 0.000000E+00 0.000000E+00 0.000000E+00
 0.207500E+00 0.000000E+00 0.108756E-01 0.122940E+01 0.000000E+00 0.000000E+00 0.000000E+00 0.000000E+00 0.000000E+00
 0.210000E+00 0.000000E+00 0.112543E-01 0.122940E+01 0.000000E+00 0.000000E+00 0.000000E+00 0.000000E+00 0.000000E+00
 0.212500E+00 0.000000E+00 0.118726E-01 0.122940E+01 0.000000E+00 0.000000E+00 0.000000E+00 0.000000E+00 0.000000E+00
 0.215000E+00 0.000000E+00 0.123771E-01 0.122940E+01 0.000000E+00 0.000000E+00 0.000000E+00 0.000000E+00 0.000000E+00
 0.217500E+00 0.000000E+00 0.134721E-01 0.122940E+01 0.000000E+00 0.000000E+00 0.000000E+00 0.000000E+00 0.000000E+00
 0.220000E+00 0.000000E+00 0.138769E-01 0.122940E+01 0.000000E+00 0.000000E+00 0.000000E+00 0.000000E+00 0.000000E+00
 0.222500E+00 0.000000E+00 0.147736E-01 0.122940E+01 0.000000E+00 0.000000E+00 0.000000E+00 0.000000E+00 0.000000E+00
 0.225000E+00 0.000000E+00 0.154387E-01 0.122940E+01 0.000000E+00 0.000000E+00 0.000000E+00 0.000000E+00 0.000000E+00
 0.227500E+00 0.000000E+00 0.159926E-01 0.122940E+01 0.000000E+00 0.000000E+00 0.000000E+00 0.000000E+00 0.000000E+00
 0.230000E+00 0.000000E+00 0.170132E-01 0.122940E+01 0.000000E+00 0.000000E+00 0.000000E+00 0.000000E+00 0.000000E+00
 0.232500E+00 0.000000E+00 0.181365E-01 0.122940E+01 0.000000E+00 0.000000E+00 0.000000E+00 0.000000E+00 0.000000E+00
 0.235000E+00 0.000000E+00 0.190851E-01 0.122940E+01 0.000000E+00 0.000000E+00 0.000000E+00 0.000000E+00 0.000000E+00
 0.237500E+00 0.000000E+00 0.193939E-01 0.122940E+01 0.000000E+00 0.000000E+00 0.000000E+00 0.000000E+00 0.000000E+00
 0.240000E+00 0.000000E+00 0.200640E-01 0.122940E+01 0.000000E+00 0.000000E+00 0.000000E+00 0.000000E+00 0.000000E+00
 0.242500E+00 0.000000E+00 0.208100E-01 0.122940E+01 0.000000E+00 0.000000E+00 0.000000E+00 0.000000E+00 0.000000E+00
 0.245000E+00 0.000000E+00 0.216882E-01 0.122940E+01 0.000000E+00 0.000000E+00 0.000000E+00 0.000000E+00 0.000000E+00
 0.247500E+00 0.000000E+00 0.228359E-01 0.122940E+01 0.000000E+00 0.000000E+00 0.000000E+00 0.000000E+00 0.000000E+00
 0.250000E+00 0.000000E+00 0.265848E-01 0.122940E+01 0.000000E+00 0.000000E+00 0.000000E+00 0.000000E+00 0.000000E+00
 0.252500E+00 0.000000E+00 0.277801E-01 0.122940E+01 0.000000E+00 0.000000E+00 0.000000E+00 0.000000E+00 0.000000E+00
 0.255000E+00 0.000000E+00 0.281505E-01 0.122940E+01 0.000000E+00 0.000000E+00 0.000000E+00 0.000000E+00 0.000000E+00
 0.257500E+00 0.000000E+00 0.284424E-01 0.122940E+01 0.000000E+00 0.000000E+00 0.000000E+00 0.000000E+00 0.000000E+00
 0.260000E+00 0.000000E+00 0.289300E-01 0.122940E+01 0.000000E+00 0.000000E+00 0.000000E+00 0.000000E+00 0.000000E+00
 0.262500E+00 0.000000E+00 0.293279E-01 0.122940E+01 0.000000E+00 0.000000E+00 0.000000E+00 0.000000E+00 0.000000E+00
 0.265000E+00 0.000000E+00 0.295580E-01 0.122940E+01 0.000000E+00 0.000000E+00 0.000000E+00 0.000000E+00 0.000000E+00
 0.267500E+00 0.000000E+00 0.302066E-01 0.122940E+01 0.000000E+00 0.000000E+00 0.000000E+00 0.000000E+00 0.000000E+00
 0.270000E+00 0.000000E+00 0.313092E-01 0.122940E+01 0.000000E+00 0.000000E+00 0.000000E+00 0.000000E+00 0.000000E+00
 0.272500E+00 0.000000E+00 0.334228E-01 0.122940E+01 0.000000E+00 0.000000E+00 0.000000E+00 0.000000E+00 0.000000E+00
 0.275000E+00 0.000000E+00 0.348517E-01 0.122940E+01 0.000000E+00 0.000000E+00 0.000000E+00 0.000000E+00 0.000000E+00
 0.277500E+00 0.000000E+00 0.354288E-01 0.122940E+01 0.000000E+00 0.000000E+00 0.000000E+00 0.000000E+00 0.000000E+00
 0.280000E+00 0.000000E+00 0.358814E-01 0.122940E+01 0.000000E+00 0.000000E+00 0.000000E+00 0.000000E+00 0.000000E+00
 0.282500E+00 0.000000E+00 0.363438E-01 0.122940E+01 0.000000E+00 0.000000E+00 0.000000E+00 0.000000E+00 0.000000E+00
 0.285000E+00 0.000000E+00 0.363438E-01 0.122940E+01 0.000000E+00 0.000000E+00 0.000000E+00 0.000000E+00 0.000000E+00
 0.287500E+00 0.000000E+00 0.365036E-01 0.122940E+01 0.000000E+00 0.000000E+00 0.000000E+00 0.000000E+00 0.000000E+00
 0.290000E+00 0.000000E+00 0.374045E-01 0.122940E+01 0.000000E+00 0.000000E+00 0.000000E+00 0.000000E+00 0.000000E+00
 0.292500E+00 0.000000E+00 0.399445E-01 0.122940E+01 0.000000E+00 0.000000E+00 0.000000E+00 0.000000E+00 0.000000E+00
 0.295000E+00 0.000000E+00 0.415132E-01 0.122940E+01 0.000000E+00 0.000000E+00 0.000000E+00 0.000000E+00 0.000000E+00
 0.297500E+00 0.000000E+00 0.421792E-01 0.122940E+01 0.000000E+00 0.000000E+00 0.000000E+00 0.000000E+00 0.000000E+00
 0.300000E+00 0.000000E+00 0.424709E-01 0.122940E+01 0.000000E+00 0.000000E+00 0.000000E+00 0.000000E+00 0.000000E+00
 0.302500E+00 0.000000E+00 0.427908E-01 0.122940E+01 0.000000E+00 0.000000E+00 0.000000E+00 0.000000E+00 0.000000E+00
 0.305000E+00 0.000000E+00 0.430869E-01 0.122940E+01 0.000000E+00 0.000000E+00 0.000000E+00 0.000000E+00 0.000000E+00
 0.307500E+00 0.000000E+00 0.434868E-01 0.122940E+01 0.000000E+00 0.000000E+00 0.000000E+00 0.000000E+00 0.000000E+00
 0.310000E+00 0.000000E+00 0.436623E-01 0.122940E+01 0.000000E+00 0.000000E+00 0.000000E+00 0.000000E+00 0.000000E+00
 0.312500E+00 0.000000E+00 0.439692E-01 0.122940E+01 0.000000E+00 0.000000E+00 0.000000E+00 0.000000E+00 0.000000E+00
 0.315000E+00 0.000000E+00 0.440869E-01 0.122940E+01 0.000000E+00 0.000000E+00 0.000000E+00 0.000000E+00 0.000000E+00
 0.317500E+00 0.000000E+00 0.443157E-01 0.122940E+01 0.000000E+00 0.000000E+00 0.000000E+00 0.000000E+00 0.000000E+00
 0.320000E+00 0.000000E+00 0.444582E-01 0.122940E+01 0.000000E+00 0.000000E+00 0.000000E+00 0.000000E+00 0.000000E+00
 0.322500E+00 0.000000E+00 0.446808E-01 0.122940E+01 0.000000E+00 0.000000E+00 0.000000E+00 0.000000E+00 0.000000E+00
 0.325000E+00 0.000000E+00 0.449265E-01 0.122940E+01 0.000000E+00 0.000000E+00 0.000000E+00 0.000000E+00 0.000000E+00
 0.327500E+00 0.000000E+00 0.450441E-01 0.122940E+01 0.000000E+00 0.000000E+00 0.000000E+00 0.000000E+00 0.000000E+00
 0.330000E+00 0.000000E+00 0.458148E-01 0.122940E+01 0.000000E+00 0.000000E+00 0.000000E+00 0.000000E+00 0.000000E+00
 0.332500E+00 0.000000E+00 0.464136E-01 0.122940E+01 0.000000E+00 0.000000E+00 0.000000E+00 0.000000E+00 0.000000E+00
 0.335000E+00 0.000000E+00 0.464136E-01 0.122940E+01 0.000000E+00 0.000000E+00 0.000000E+00 0.000000E+00 0.000000E+00
 0.337500E+00 0.000000E+00 0.464195E-01 0.122940E+01 0.000000E+00 0.000000E+00 0.000000E+00 0.000000E+00 0.000000E+00
 0.340000E+00 0.000000E+00 0.466260E-01 0.122940E+01 0.000000E+00 0.000000E+00 0.000000E+00 0.000000E+00 0.000000E+00
 0.342500E+00 0.000000E+00 0.467818E-01 0.122940E+01 0.000000E+00 0.000000E+00 0.000000E+00 0.000000E+00 0.000000E+00
 0.345000E+00 0.000000E+00 0.471573E-01 0.122940E+01 0.000000E+00 0.000000E+00 0.000000E+00 0.000000E+00 0.000000E+00
 0.347500E+00 0.000000E+00 0.477161E-01 0.122940E+01 0.000000E+00 0.000000E+00 0.000000E+00 0.000000E+00 0.000000E+00
 0.350000E+00 0.000000E+00 0.478040E-01 0.122940E+01 0.000000E+00 0.000000E+00 0.000000E+00 0.000000E+00 0.000000E+00
 0.352500E+00 0.000000E+00 0.478723E-01 0.122940E+01 0.000000E+00 0.000000E+00 0.000000E+00 0.000000E+00 0.000000E+00
 0.355000E+00 0.000000E+00 0.482681E-01 0.122940E+01 0.000000E+00 0.000000E+00 0.000000E+00 0.000000E+00 0.000000E+00
 0.357500E+00 0.000000E+00 0.494468E-01 0.122940E+01 0.000000E+00 0.000000E+00 0.000000E+00 0.000000E+00 0.000000E+00
 0.360000E+00 0.000000E+00 0.499969E-01 0.122940E+01 0.000000E+00 0.000000E+00 0.000000E+00 0.000000E+00 0.000000E+00
 0.362500E+00 0.000000E+00 0.500720E-01 0.122940E+01 0.000000E+00 0.000000E+00 0.000000E+00 0.000000E+00 0.000000E+00
 0.365000E+00 0.000000E+00 0.504577E-01 0.122940E+01 0.000000E+00 0.000000E+00 0.000000E+00 0.000000E+00 0.000000E+00
 0.367500E+00 0.000000E+00 0.509175E-01 0.122940E+01 0.000000E+00 0.000000E+00 0.000000E+00 0.000000E+00 0.000000E+00
 0.370000E+00 0.000000E+00 0.515654E-01 0.122940E+01 0.000000E+00 0.000000E+00 0.000000E+00 0.000000E+00 0.000000E+00
 0.372500E+00 0.000000E+00 0.523302E-01 0.122940E+01 0.000000E+00 0.000000E+00 0.000000E+00 0.000000E+00 0.000000E+00
 0.375000E+00 0.000000E+00 0.528292E-01 0.122940E+01 0.000000E+00 0.000000E+00 0.000000E+00 0.000000E+00 0.000000E+00
 0.377500E+00 0.000000E+00 0.533301E-01 0.122940E+01 0.000000E+00 0.000000E+00 0.000000E+00 0.000000E+00 0.000000E+00
 0.380000E+00 0.000000E+00 0.534108E-01 0.122940E+01 0.000000E+00 0.000000E+00 0.000000E+00 0.000000E+00 0.000000E+00
 0.382500E+00 0.203107E-06 0.550101E-01 0.122940E+01 0.000000E+00 0.000000E+00 0.000000E+00 0.000000E+00 0.000000E+00
 0.385000E+00 0.876753E-05 0.557769E-01 0.122940E+01 0.000000E+00 0.000000E+00 0.000000E+00 0.000000E+00 0.000000E+00
 0.385000E+00 0.876753E-05 0.557769E-01 0.122940E+01 0.000000E+00 0.000000E+00 0.000000E+00 0.000000E+00 0.000000E+00
 0.387500E+00 0.469335E-04 0.562167E-01 0.122940E+01 0.000000E+00 0.000000E+00 0.000000E+00 0.000000E+00 0.000000E+00
 0.390000E+00 0.141883E-03 0.565169E-01 0.122940E+01 0.000000E+00 0.000000E+00 0.000000E+00 0.000000E+00 0.000000E+00
 0.392500E+00 0.364461E-03 0.566760E-01 0.122940E+01 0.000000E+00 0.000000E+00 0.000000E+00 0.000000E+00 0.000000E+00
 0.395000E+00 0.818665E-03 0.567070E-01 0.122940E+01 0.000000E+00 0.000000E+00 0.000000E+00 0.000000E+00 0.000000E+00
 0.397500E+00 0.146671E-02 0.569773E-01 0.122940E+01 0.000000E+00 0.000000E+00 0.000000E+00 0.000000E+00 0.000000E+00
 0.400000E+00 0.221548E-02 0.571514E-01 0.122940E+01 0.000000E+00 0.000000E+00 0.000000E+00 0.000000E+00 0.000000E+00
 0.402500E+00 0.300487E-02 0.572203E-01 0.122940E+01 0.000000E+00 0.000000E+00 0.000000E+00 0.000000E+00 0.000000E+00
 0.405000E+00 0.380415E-02 0.573830E-01 0.122940E+01 0.000000E+00 0.000000E+00 0.000000E+00 0.000000E+00 0.000000E+00
 0.407500E+00 0.459139E-02 0.574547E-01 0.122940E+01 0.000000E+00 0.000000E+00 0.000000E+00 0.000000E+00 0.000000E+00
 0.410000E+00 0.535123E-02 0.574547E-01 0.122940E+01 0.000000E+00 0.000000E+00 0.000000E+00 0.000000E+00 0.000000E+00
 0.412500E+00 0.607674E-02 0.575842E-01 0.122940E+01 0.000000E+00 0.000000E+00 0.000000E+00 0.000000E+00 0.000000E+00
 0.415000E+00 0.676694E-02 0.577625E-01 0.122940E+01 0.000000E+00 0.000000E+00 0.000000E+00 0.000000E+00 0.000000E+00
 0.417500E+00 0.742221E-02 0.578790E-01 0.122940E+01 0.000000E+00 0.000000E+00 0.000000E+00 0.000000E+00 0.000000E+00
 0.420000E+00 0.804204E-02 0.587221E-01 0.122940E+01 0.000000E+00 0.000000E+00 0.000000E+00 0.000000E+00 0.000000E+00
 0.422500E+00 0.862594E-02 0.588760E-01 0.122940E+01 0.000000E+00 0.000000E+00 0.000000E+00 0.000000E+00 0.000000E+00
 0.425000E+00 0.917510E-02 0.589956E-01 0.122940E+01 0.000000E+00 0.000000E+00 0.000000E+00 0.000000E+00 0.000000E+00
 0.427500E+00 0.969181E-02 0.593384E-01 0.122940E+01 0.000000E+00 0.000000E+00 0.000000E+00 0.000000E+00 0.000000E+00
 0.430000E+00 0.101782E-01 0.614260E-01 0.122940E+01 0.000000E+00 0.000000E+00 0.000000E+00 0.000000E+00 0.000000E+00
 0.432500E+00 0.106361E-01 0.614700E-01 0.122940E+01 0.000000E+00 0.000000E+00 0.000000E+00 0.000000E+00 0.000000E+00
 0.435000E+00 0.110670E-01 0.616330E-01 0.122940E+01 0.000000E+00 0.000000E+00 0.000000E+00 0.000000E+00 0.000000E+00
 0.437500E+00 0.114723E-01 0.617752E-01 0.122940E+01 0.000000E+00 0.000000E+00 0.000000E+00 0.000000E+00 0.000000E+00
 0.440000E+00 0.118535E-01 0.619841E-01 0.122940E+01 0.000000E+00 0.000000E+00 0.000000E+00 0.000000E+00 0.000000E+00
 0.442500E+00 0.122123E-01 0.622475E-01 0.122940E+01 0.000000E+00 0.000000E+00 0.000000E+00 0.000000E+00 0.000000E+00
 0.445000E+00 0.125497E-01 0.626954E-01 0.122940E+01 0.000000E+00 0.000000E+00 0.000000E+00 0.000000E+00 0.000000E+00
 0.447500E+00 0.128668E-01 0.630053E-01 0.122940E+01 0.000000E+00 0.000000E+00 0.000000E+00 0.000000E+00 0.000000E+00
 0.450000E+00 0.131641E-01 0.630954E-01 0.122940E+01 0.000000E+00 0.000000E+00 0.000000E+00 0.000000E+00 0.000000E+00
 0.452500E+00 0.134424E-01 0.631411E-01 0.122940E+01 0.000000E+00 0.000000E+00 0.000000E+00 0.000000E+00 0.000000E+00
 0.455000E+00 0.137023E-01 0.632358E-01 0.122940E+01 0.000000E+00 0.000000E+00 0.000000E+00 0.000000E+00 0.000000E+00
 0.457500E+00 0.139442E-01 0.638367E-01 0.122940E+01 0.000000E+00 0.000000E+00 0.000000E+00 0.000000E+00 0.000000E+00
 0.460000E+00 0.141688E-01 0.640369E-01 0.122940E+01 0.000000E+00 0.000000E+00 0.000000E+00 0.000000E+00 0.000000E+00
 0.462500E+00 0.143765E-01 0.641093E-01 0.122940E+01 0.000000E+00 0.000000E+00 0.000000E+00 0.000000E+00 0.000000E+00
 0.465000E+00 0.145715E-01 0.641323E-01 0.122940E+01 0.000000E+00 0.000000E+00 0.000000E+00 0.000000E+00 0.000000E+00
 0.467500E+00 0.147865E-01 0.641792E-01 0.122940E+01 0.000000E+00 0.000000E+00 0.000000E+00 0.000000E+00 0.000000E+00
 0.470000E+00 0.150842E-01 0.642627E-01 0.122940E+01 0.000000E+00 0.000000E+00 0.000000E+00 0.000000E+00 0.000000E+00
 0.472500E+00 0.156489E-01 0.646793E-01 0.122940E+01 0.000000E+00 0.000000E+00 0.000000E+00 0.000000E+00 0.000000E+00
 0.475000E+00 0.165796E-01 0.647492E-01 0.122940E+01 0.000000E+00 0.000000E+00 0.000000E+00 0.000000E+00 0.000000E+00
 0.477500E+00 0.176701E-01 0.647614E-01 0.122940E+01 0.000000E+00 0.000000E+00 0.000000E+00 0.000000E+00 0.000000E+00
 0.480000E+00 0.187589E-01 0.647843E-01 0.122940E+01 0.000000E+00 0.000000E+00 0.000000E+00 0.000000E+00 0.000000E+00
 0.482500E+00 0.197620E-01 0.649491E-01 0.122940E+01 0.000000E+00 0.000000E+00 0.000000E+00 0.000000E+00 0.000000E+00
 0.485000E+00 0.206642E-01 0.649997E-01 0.122940E+01 0.000000E+00 0.000000E+00 0.000000E+00 0.000000E+00 0.000000E+00
 0.487500E+00 0.214693E-01 0.650062E-01 0.122940E+01 0.000000E+00 0.000000E+00 0.000000E+00 0.000000E+00 0.000000E+00
 0.490000E+00 0.221868E-01 0.650854E-01 0.122940E+01 0.000000E+00 0.000000E+00 0.000000E+00 0.000000E+00 0.000000E+00
 0.492500E+00 0.228294E-01 0.651866E-01 0.122940E+01 0.000000E+00 0.000000E+00 0.000000E+00 0.000000E+00 0.000000E+00
 0.495000E+00 0.234077E-01 0.655306E-01 0.122940E+01 0.000000E+00 0.000000E+00 0.000000E+00 0.000000E+00 0.000000E+00
 0.497500E+00 0.239303E-01 0.656026E-01 0.122940E+01 0.000000E+00 0.000000E+00 0.000000E+00 0.000000E+00 0.000000E+00
 0.500000E+00 0.244046E-01 0.656026E-01 0.122940E+01 0.000000E+00 0.000000E+00 0.000000E+00 0.000000E+00 0.000000E+00
 0.502500E+00 0.248362E-01 0.656482E-01 0.122940E+01 0.000000E+00 0.000000E+00 0.000000E+00 0.000000E+00 0.000000E+00
 0.505000E+00 0.252299E-01 0.659397E-01 0.122940E+01 0.000000E+00 0.000000E+00 0.000000E+00 0.000000E+00 0.000000E+00
 0.507500E+00 0.255899E-01 0.664267E-01 0.122940E+01 0.000000E+00 0.000000E+00 0.000000E+00 0.000000E+00 0.000000E+00
 0.510000E+00 0.259192E-01 0.667303E-01 0.122940E+01 0.000000E+00 0.000000E+00 0.000000E+00 0.000000E+00 0.000000E+00
 0.512500E+00 0.262208E-01 0.667952E-01 0.122940E+01 0.000000E+00 0.000000E+00 0.000000E+00 0.000000E+00 0.000000E+00
 0.515000E+00 0.264970E-01 0.669765E-01 0.122940E+01 0.000000E+00 0.000000E+00 0.000000E+00 0.000000E+00 0.000000E+00
 0.517500E+00 0.267497E-01 0.674902E-01 0.122940E+01 0.000000E+00 0.000000E+00 0.000000E+00 0.000000E+00 0.000000E+00
 0.520000E+00 0.269806E-01 0.678247E-01 0.122940E+01 0.000000E+00 0.000000E+00 0.000000E+00 0.000000E+00 0.000000E+00
 0.522500E+00 0.271912E-01 0.678655E-01 0.122940E+01 0.000000E+00 0.000000E+00 0.000000E+00 0.000000E+00 0.000000E+00
 0.525000E+00 0.273825E-01 0.678655E-01 0.122940E+01 0.000000E+00 0.000000E+00 0.000000E+00 0.000000E+00 0.000000E+00
 0.527500E+00 0.275555E-01 0.678655E-01 0.122940E+01 0.000000E+00 0.000000E+00 0.000000E+00 0.000000E+00 0.000000E+00
 0.530000E+00 0.277113E-01 0.678655E-01 0.122940E+01 0.000000E+00 0.000000E+00 0.000000E+00 0.000000E+00 0.000000E+00
 0.532500E+00 0.278516E-01 0.678986E-01 0.122940E+01 0.000000E+00 0.000000E+00 0.000000E+00 0.000000E+00 0.000000E+00
 0.535000E+00 0.279776E-01 0.679010E-01 0.122940E+01 0.000000E+00 0.000000E+00 0.000000E+00 0.000000E+00 0.000000E+00
 0.537500E+00 0.280904E-01 0.681155E-01 0.122940E+01 0.000000E+00 0.000000E+00 0.000000E+00 0.000000E+00 0.000000E+00
 0.540000E+00 0.281910E-01 0.681715E-01 0.122940E+01 0.000000E+00 0.000000E+00 0.000000E+00 0.000000E+00 0.000000E+00
 0.542500E+00 0.282822E-01 0.682128E-01 0.122940E+01 0.000000E+00 0.000000E+00 0.000000E+00 0.000000E+00 0.000000E+00
 0.545000E+00 0.283664E-01 0.682905E-01 0.122940E+01 0.000000E+00 0.000000E+00 0.000000E+00 0.000000E+00 0.000000E+00
 0.547500E+00 0.284443E-01 0.682962E-01 0.122940E+01 0.000000E+00 0.000000E+00 0.000000E+00 0.000000E+00 0.000000E+00
 0.550000E+00 0.285165E-01 0.683212E-01 0.122940E+01 0.000000E+00 0.000000E+00 0.000000E+00 0.000000E+00 0.000000E+00
 0.552500E+00 0.285834E-01 0.683488E-01 0.122940E+01 0.000000E+00 0.000000E+00 0.000000E+00 0.000000E+00 0.000000E+00
 0.555000E+00 0.286456E-01 0.684001E-01 0.122940E+01 0.000000E+00 0.000000E+00 0.000000E+00 0.000000E+00 0.000000E+00
 0.557500E+00 0.287039E-01 0.684829E-01 0.122940E+01 0.000000E+00 0.000000E+00 0.000000E+00 0.000000E+00 0.000000E+00
 0.560000E+00 0.287588E-01 0.685229E-01 0.122940E+01 0.000000E+00 0.000000E+00 0.000000E+00 0.000000E+00 0.000000E+00
 0.562500E+00 0.288105E-01 0.686145E-01 0.122940E+01 0.000000E+00 0.000000E+00 0.000000E+00 0.000000E+00 0.000000E+00
 0.565000E+00 0.288593E-01 0.686268E-01 0.122940E+01 0.000000E+00 0.000000E+00 0.000000E+00 0.000000E+00 0.000000E+00
 0.567500E+00 0.289053E-01 0.687459E-01 0.122940E+01 0.000000E+00 0.000000E+00 0.000000E+00 0.000000E+00 0.000000E+00
 0.570000E+00 0.289486E-01 0.688508E-01 0.122940E+01 0.000000E+00 0.000000E+00 0.000000E+00 0.000000E+00 0.000000E+00
 0.572500E+00 0.289894E-01 0.690958E-01 0.122940E+01 0.000000E+00 0.000000E+00 0.000000E+00 0.000000E+00 0.000000E+00
 0.575000E+00 0.290279E-01 0.691436E-01 0.122940E+01 0.000000E+00 0.000000E+00 0.000000E+00 0.000000E+00 0.000000E+00
 0.577500E+00 0.290641E-01 0.691766E-01 0.122940E+01 0.000000E+00 0.000000E+00 0.000000E+00 0.000000E+00 0.000000E+00
 0.580000E+00 0.290983E-01 0.691766E-01 0.122940E+01 0.000000E+00 0.000000E+00 0.000000E+00 0.000000E+00 0.000000E+00
 0.582500E+00 0.291303E-01 0.693295E-01 0.122940E+01 0.000000E+00 0.000000E+00 0.000000E+00 0.000000E+00 0.000000E+00
 0.585000E+00 0.291604E-01 0.694707E-01 0.122940E+01 0.000000E+00 0.000000E+00 0.000000E+00 0.000000E+00 0.000000E+00
 0.587500E+00 0.291887E-01 0.694881E-01 0.122940E+01 0.000000E+00 0.000000E+00 0.000000E+00 0.000000E+00 0.000000E+00
 0.590000E+00 0.292152E-01 0.695046E-01 0.122940E+01 0.000000E+00 0.000000E+00 0.000000E+00 0.000000E+00 0.000000E+00
 0.592500E+00 0.292401E-01 0.696848E-01 0.122940E+01 0.000000E+00 0.000000E+00 0.000000E+00 0.000000E+00 0.000000E+00
 0.595000E+00 0.292636E-01 0.698462E-01 0.122940E+01 0.000000E+00 0.000000E+00 0.000000E+00 0.000000E+00 0.000000E+00
 0.597500E+00 0.292856E-01 0.699380E-01 0.122940E+01 0.000000E+00 0.000000E+00 0.000000E+00 0.000000E+00 0.000000E+00
 0.600000E+00 0.293063E-01 0.700386E-01 0.122940E+01 0.000000E+00 0.000000E+00 0.000000E+00 0.000000E+00 0.000000E+00
 0.602500E+00 0.293259E-01 0.707932E-01 0.122940E+01 0.000000E+00 0.000000E+00 0.000000E+00 0.000000E+00 0.000000E+00
 0.605000E+00 0.293444E-01 0.710588E-01 0.122940E+01 0.000000E+00 0.000000E+00 0.000000E+00 0.000000E+00 0.000000E+00
 0.607500E+00 0.293620E-01 0.711634E-01 0.122940E+01 0.000000E+00 0.000000E+00 0.000000E+00 0.000000E+00 0.000000E+00
 0.610000E+00 0.293788E-01 0.712385E-01 0.122940E+01 0.000000E+00 0.000000E+00 0.000000E+00 0.000000E+00 0.000000E+00
 0.612500E+00 0.293948E-01 0.712385E-01 0.122940E+01 0.000000E+00 0.000000E+00 0.000000E+00 0.000000E+00 0.000000E+00
 0.615000E+00 0.294100E-01 0.715702E-01 0.122940E+01 0.000000E+00 0.000000E+00 0.000000E+00 0.000000E+00 0.000000E+00
 0.617500E+00 0.294246E-01 0.718770E-01 0.122940E+01 0.000000E+00 0.000000E+00 0.000000E+00 0.000000E+00 0.000000E+00
 0.620000E+00 0.294386E-01 0.720557E-01 0.122940E+01 0.000000E+00 0.000000E+00 0.000000E+00 0.000000E+00 0.000000E+00
 0.622500E+00 0.294520E-01 0.722043E-01 0.122940E+01 0.000000E+00 0.000000E+00 0.000000E+00 0.000000E+00 0.000000E+00
 0.625000E+00 0.294647E-01 0.722713E-01 0.122940E+01 0.000000E+00 0.000000E+00 0.000000E+00 0.000000E+00 0.000000E+00
 0.627500E+00 0.294771E-01 0.723157E-01 0.122940E+01 0.000000E+00 0.000000E+00 0.000000E+00 0.000000E+00 0.000000E+00
 0.630000E+00 0.295037E-01 0.724023E-01 0.122940E+01 0.000000E+00 0.000000E+00 0.000000E+00 0.000000E+00 0.000000E+00
 0.632500E+00 0.295899E-01 0.724181E-01 0.122940E+01 0.000000E+00 0.000000E+00 0.000000E+00 0.000000E+00 0.000000E+00
 0.635000E+00 0.299537E-01 0.724325E-01 0.122940E+01 0.000000E+00 0.000000E+00 0.000000E+00 0.000000E+00 0.000000E+00
 0.637500E+00 0.308685E-01 0.724566E-01 0.122940E+01 0.000000E+00 0.000000E+00 0.000000E+00 0.000000E+00 0.000000E+00
 0.640000E+00 0.320402E-01 0.724671E-01 0.122940E+01 0.000000E+00 0.000000E+00 0.000000E+00 0.000000E+00 0.000000E+00
 0.642500E+00 0.331935E-01 0.724930E-01 0.122940E+01 0.000000E+00 0.000000E+00 0.000000E+00 0.000000E+00 0.000000E+00
 0.645000E+00 0.342562E-01 0.725211E-01 0.122940E+01 0.000000E+00 0.000000E+00 0.000000E+00 0.000000E+00 0.000000E+00
 0.647500E+00 0.352202E-01 0.726184E-01 0.122940E+01 0.000000E+00 0.000000E+00 0.000000E+00 0.000000E+00 0.000000E+00
 0.650000E+00 0.360760E-01 0.726709E-01 0.122940E+01 0.000000E+00 0.000000E+00 0.000000E+00 0.000000E+00 0.000000E+00
 0.652500E+00 0.368246E-01 0.727111E-01 0.122940E+01 0.000000E+00 0.000000E+00 0.000000E+00 0.000000E+00 0.000000E+00
 0.655000E+00 0.374785E-01 0.727259E-01 0.122940E+01 0.000000E+00 0.000000E+00 0.000000E+00 0.000000E+00 0.000000E+00
 0.657500E+00 0.380516E-01 0.727259E-01 0.122940E+01 0.000000E+00 0.000000E+00 0.000000E+00 0.000000E+00 0.000000E+00
 0.660000E+00 0.385548E-01 0.727277E-01 0.122940E+01 0.000000E+00 0.000000E+00 0.000000E+00 0.000000E+00 0.000000E+00
 0.662500E+00 0.389977E-01 0.727780E-01 0.122940E+01 0.000000E+00 0.000000E+00 0.000000E+00 0.000000E+00 0.000000E+00
 0.665000E+00 0.393889E-01 0.729503E-01 0.122940E+01 0.000000E+00 0.000000E+00 0.000000E+00 0.000000E+00 0.000000E+00
 0.667500E+00 0.397360E-01 0.730592E-01 0.122940E+01 0.000000E+00 0.000000E+00 0.000000E+00 0.000000E+00 0.000000E+00
 0.670000E+00 0.400453E-01 0.731099E-01 0.122940E+01 0.000000E+00 0.000000E+00 0.000000E+00 0.000000E+00 0.000000E+00
 0.672500E+00 0.403222E-01 0.731508E-01 0.122940E+01 0.000000E+00 0.000000E+00 0.000000E+00 0.000000E+00 0.000000E+00
 0.675000E+00 0.405712E-01 0.731711E-01 0.122940E+01 0.000000E+00 0.000000E+00 0.000000E+00 0.000000E+00 0.000000E+00
 0.677500E+00 0.407960E-01 0.732477E-01 0.122940E+01 0.000000E+00 0.000000E+00 0.000000E+00 0.000000E+00 0.000000E+00
 0.680000E+00 0.409999E-01 0.733240E-01 0.122940E+01 0.000000E+00 0.000000E+00 0.000000E+00 0.000000E+00 0.000000E+00
 0.682500E+00 0.411852E-01 0.734994E-01 0.122940E+01 0.000000E+00 0.000000E+00 0.000000E+00 0.000000E+00 0.000000E+00
 0.685000E+00 0.413543E-01 0.736142E-01 0.122940E+01 0.000000E+00 0.000000E+00 0.000000E+00 0.000000E+00 0.000000E+00
 0.687500E+00 0.415086E-01 0.736721E-01 0.122940E+01 0.000000E+00 0.000000E+00 0.000000E+00 0.000000E+00 0.000000E+00
 0.690000E+00 0.416497E-01 0.736863E-01 0.122940E+01 0.000000E+00 0.000000E+00 0.000000E+00 0.000000E+00 0.000000E+00
 0.692500E+00 0.417786E-01 0.737093E-01 0.122940E+01 0.000000E+00 0.000000E+00 0.000000E+00 0.000000E+00 0.000000E+00
 0.695000E+00 0.418964E-01 0.738076E-01 0.122940E+01 0.000000E+00 0.000000E+00 0.000000E+00 0.000000E+00 0.000000E+00
 0.697500E+00 0.420038E-01 0.738133E-01 0.122940E+01 0.000000E+00 0.000000E+00 0.000000E+00 0.000000E+00 0.000000E+00
 0.700000E+00 0.421015E-01 0.738735E-01 0.122940E+01 0.000000E+00 0.000000E+00 0.000000E+00 0.000000E+00 0.000000E+00
 0.702500E+00 0.421903E-01 0.739245E-01 0.122940E+01 0.000000E+00 0.000000E+00 0.000000E+00 0.000000E+00 0.000000E+00
 0.705000E+00 0.422713E-01 0.739835E-01 0.122940E+01 0.000000E+00 0.000000E+00 0.000000E+00 0.000000E+00 0.000000E+00
 0.707500E+00 0.423453E-01 0.740040E-01 0.122940E+01 0.000000E+00 0.000000E+00 0.000000E+00 0.000000E+00 0.000000E+00
 0.710000E+00 0.424131E-01 0.740065E-01 0.122940E+01 0.000000E+00 0.000000E+00 0.000000E+00 0.000000E+00 0.000000E+00
 0.712500E+00 0.424755E-01 0.740380E-01 0.122940E+01 0.000000E+00 0.000000E+00 0.000000E+00 0.000000E+00 0.000000E+00
 0.715000E+00 0.425330E-01 0.740485E-01 0.122940E+01 0.000000E+00 0.000000E+00 0.000000E+00 0.000000E+00 0.000000E+00
 0.717500E+00 0.425867E-01 0.740485E-01 0.122940E+01 0.000000E+00 0.000000E+00 0.000000E+00 0.000000E+00 0.000000E+00
 0.720000E+00 0.426372E-01 0.740485E-01 0.122940E+01 0.000000E+00 0.000000E+00 0.000000E+00 0.000000E+00 0.000000E+00
 0.722500E+00 0.426860E-01 0.741419E-01 0.122940E+01 0.000000E+00 0.000000E+00 0.000000E+00 0.000000E+00 0.000000E+00
 0.725000E+00 0.427356E-01 0.742622E-01 0.122940E+01 0.000000E+00 0.000000E+00 0.000000E+00 0.000000E+00 0.000000E+00
 0.727500E+00 0.427905E-01 0.742713E-01 0.122940E+01 0.000000E+00 0.000000E+00 0.000000E+00 0.000000E+00 0.000000E+00
 0.730000E+00 0.428561E-01 0.742793E-01 0.122940E+01 0.000000E+00 0.000000E+00 0.000000E+00 0.000000E+00 0.000000E+00
 0.732500E+00 0.429357E-01 0.743008E-01 0.122940E+01 0.000000E+00 0.000000E+00 0.000000E+00 0.000000E+00 0.000000E+00
 0.735000E+00 0.430289E-01 0.743829E-01 0.122940E+01 0.000000E+00 0.000000E+00 0.000000E+00 0.000000E+00 0.000000E+00
 0.737500E+00 0.431319E-01 0.744031E-01 0.122940E+01 0.000000E+00 0.000000E+00 0.000000E+00 0.000000E+00 0.000000E+00
 0.740000E+00 0.432397E-01 0.744766E-01 0.122940E+01 0.000000E+00 0.000000E+00 0.000000E+00 0.000000E+00 0.000000E+00
 0.742500E+00 0.433483E-01 0.745465E-01 0.122940E+01 0.000000E+00 0.000000E+00 0.000000E+00 0.000000E+00 0.000000E+00
 0.745000E+00 0.434548E-01 0.745962E-01 0.122940E+01 0.000000E+00 0.000000E+00 0.000000E+00 0.000000E+00 0.000000E+00
 0.747500E+00 0.435575E-01 0.746757E-01 0.122940E+01 0.000000E+00 0.000000E+00 0.000000E+00 0.000000E+00 0.000000E+00
 0.750000E+00 0.436557E-01 0.747864E-01 0.122940E+01 0.000000E+00 0.000000E+00 0.000000E+00 0.000000E+00 0.000000E+00
 0.752500E+00 0.437491E-01 0.748300E-01 0.122940E+01 0.000000E+00 0.000000E+00 0.000000E+00 0.000000E+00 0.000000E+00
 0.755000E+00 0.438375E-01 0.748993E-01 0.122940E+01 0.000000E+00 0.000000E+00 0.000000E+00 0.000000E+00 0.000000E+00
 0.757500E+00 0.439211E-01 0.749651E-01 0.122940E+01 0.000000E+00 0.000000E+00 0.000000E+00 0.000000E+00 0.000000E+00
 0.760000E+00 0.440002E-01 0.751546E-01 0.122940E+01 0.000000E+00 0.000000E+00 0.000000E+00 0.000000E+00 0.000000E+00
 0.762500E+00 0.440786E-01 0.751952E-01 0.122940E+01 0.000000E+00 0.000000E+00 0.000000E+00 0.000000E+00 0.000000E+00
 0.765000E+00 0.441745E-01 0.752086E-01 0.122940E+01 0.000000E+00 0.000000E+00 0.000000E+00 0.000000E+00 0.000000E+00
 0.767500E+00 0.443960E-01 0.752207E-01 0.122940E+01 0.000000E+00 0.000000E+00 0.000000E+00 0.000000E+00 0.000000E+00
 0.770000E+00 0.449406E-01 0.752797E-01 0.122940E+01 0.000000E+00 0.000000E+00 0.000000E+00 0.000000E+00 0.000000E+00
 0.772500E+00 0.456801E-01 0.755098E-01 0.122940E+01 0.000000E+00 0.000000E+00 0.000000E+00 0.000000E+00 0.000000E+00
 0.775000E+00 0.465037E-01 0.756848E-01 0.122940E+01 0.000000E+00 0.000000E+00 0.000000E+00 0.000000E+00 0.000000E+00
 0.777500E+00 0.473625E-01 0.757291E-01 0.122940E+01 0.000000E+00 0.000000E+00 0.000000E+00 0.000000E+00 0.000000E+00
 0.780000E+00 0.482280E-01 0.757457E-01 0.122940E+01 0.000000E+00 0.000000E+00 0.000000E+00 0.000000E+00 0.000000E+00
 0.782500E+00 0.490826E-01 0.757582E-01 0.122940E+01 0.000000E+00 0.000000E+00 0.000000E+00 0.000000E+00 0.000000E+00
 0.785000E+00 0.499080E-01 0.757882E-01 0.122940E+01 0.000000E+00 0.000000E+00 0.000000E+00 0.000000E+00 0.000000E+00
 0.787500E+00 0.506911E-01 0.758986E-01 0.122940E+01 0.000000E+00 0.000000E+00 0.000000E+00 0.000000E+00 0.000000E+00
 0.790000E+00 0.514293E-01 0.759814E-01 0.122940E+01 0.000000E+00 0.000000E+00 0.000000E+00 0.000000E+00 0.000000E+00
 0.792500E+00 0.521275E-01 0.760468E-01 0.122940E+01 0.000000E+00 0.000000E+00 0.000000E+00 0.000000E+00 0.000000E+00
 0.792500E+00 0.521275E-01 0.760468E-01 0.122940E+01 0.000000E+00 0.000000E+00 0.000000E+00 0.000000E+00 0.000000E+00
 0.795000E+00 0.527926E-01 0.760606E-01 0.122940E+01 0.000000E+00 0.000000E+00 0.000000E+00 0.000000E+00 0.000000E+00
 0.797500E+00 0.534295E-01 0.760760E-01 0.122940E+01 0.000000E+00 0.000000E+00 0.000000E+00 0.000000E+00 0.000000E+00
 0.800000E+00 0.540402E-01 0.760983E-01 0.122940E+01 0.000000E+00 0.000000E+00 0.000000E+00 0.000000E+00 0.000000E+00
 0.802500E+00 0.546251E-01 0.761163E-01 0.122940E+01 0.000000E+00 0.000000E+00 0.000000E+00 0.000000E+00 0.000000E+00
 0.805000E+00 0.551836E-01 0.761505E-01 0.122940E+01 0.000000E+00 0.000000E+00 0.000000E+00 0.000000E+00 0.000000E+00
 0.807500E+00 0.557152E-01 0.762327E-01 0.122940E+01 0.000000E+00 0.000000E+00 0.000000E+00 0.000000E+00 0.000000E+00
 0.810000E+00 0.562198E-01 0.762919E-01 0.122940E+01 0.000000E+00 0.000000E+00 0.000000E+00 0.000000E+00 0.000000E+00
 0.812500E+00 0.566987E-01 0.763362E-01 0.122940E+01 0.000000E+00 0.000000E+00 0.000000E+00 0.000000E+00 0.000000E+00
 0.815000E+00 0.571532E-01 0.764209E-01 0.122940E+01 0.000000E+00 0.000000E+00 0.000000E+00 0.000000E+00 0.000000E+00
 0.817500E+00 0.575846E-01 0.764367E-01 0.122940E+01 0.000000E+00 0.000000E+00 0.000000E+00 0.000000E+00 0.000000E+00
 0.820000E+00 0.579944E-01 0.764367E-01 0.122940E+01 0.000000E+00 0.000000E+00 0.000000E+00 0.000000E+00 0.000000E+00
 0.822500E+00 0.583838E-01 0.764476E-01 0.122940E+01 0.000000E+00 0.000000E+00 0.000000E+00 0.000000E+00 0.000000E+00
 0.825000E+00 0.587541E-01 0.764623E-01 0.122940E+01 0.000000E+00 0.000000E+00 0.000000E+00 0.000000E+00 0.000000E+00
 0.827500E+00 0.591066E-01 0.764981E-01 0.122940E+01 0.000000E+00 0.000000E+00 0.000000E+00 0.000000E+00 0.000000E+00
 0.830000E+00 0.594423E-01 0.765060E-01 0.122940E+01 0.000000E+00 0.000000E+00 0.000000E+00 0.000000E+00 0.000000E+00
 0.832500E+00 0.597624E-01 0.765209E-01 0.122940E+01 0.000000E+00 0.000000E+00 0.000000E+00 0.000000E+00 0.000000E+00
 0.835000E+00 0.600677E-01 0.765368E-01 0.122940E+01 0.000000E+00 0.000000E+00 0.000000E+00 0.000000E+00 0.000000E+00
 0.837500E+00 0.603595E-01 0.765999E-01 0.122940E+01 0.000000E+00 0.000000E+00 0.000000E+00 0.000000E+00 0.000000E+00
 0.840000E+00 0.606388E-01 0.766191E-01 0.122940E+01 0.000000E+00 0.000000E+00 0.000000E+00 0.000000E+00 0.000000E+00
 0.842500E+00 0.609068E-01 0.766259E-01 0.122940E+01 0.000000E+00 0.000000E+00 0.000000E+00 0.000000E+00 0.000000E+00
 0.845000E+00 0.611644E-01 0.766343E-01 0.122940E+01 0.000000E+00 0.000000E+00 0.000000E+00 0.000000E+00 0.000000E+00
 0.847500E+00 0.614126E-01 0.766350E-01 0.122940E+01 0.000000E+00 0.000000E+00 0.000000E+00 0.000000E+00 0.000000E+00
 0.850000E+00 0.616516E-01 0.767215E-01 0.122940E+01 0.000000E+00 0.000000E+00 0.000000E+00 0.000000E+00 0.000000E+00
 0.852500E+00 0.618820E-01 0.767701E-01 0.122940E+01 0.000000E+00 0.000000E+00 0.000000E+00 0.000000E+00 0.000000E+00
 0.855000E+00 0.621038E-01 0.768011E-01 0.122940E+01 0.000000E+00 0.000000E+00 0.000000E+00 0.000000E+00 0.000000E+00
 0.857500E+00 0.623172E-01 0.768070E-01 0.122940E+01 0.000000E+00 0.000000E+00 0.000000E+00 0.000000E+00 0.000000E+00
 0.860000E+00 0.625221E-01 0.768465E-01 0.122940E+01 0.000000E+00 0.000000E+00 0.000000E+00 0.000000E+00 0.000000E+00
 0.862500E+00 0.627188E-01 0.769831E-01 0.122940E+01 0.000000E+00 0.000000E+00 0.000000E+00 0.000000E+00 0.000000E+00
 0.865000E+00 0.629073E-01 0.771283E-01 0.122940E+01 0.000000E+00 0.000000E+00 0.000000E+00 0.000000E+00 0.000000E+00
 0.867500E+00 0.630878E-01 0.772019E-01 0.122940E+01 0.000000E+00 0.000000E+00 0.000000E+00 0.000000E+00 0.000000E+00
 0.870000E+00 0.632608E-01 0.772226E-01 0.122940E+01 0.000000E+00 0.000000E+00 0.000000E+00 0.000000E+00 0.000000E+00
 0.872500E+00 0.634266E-01 0.772491E-01 0.122940E+01 0.000000E+00 0.000000E+00 0.000000E+00 0.000000E+00 0.000000E+00
 0.875000E+00 0.635853E-01 0.773243E-01 0.122940E+01 0.000000E+00 0.000000E+00 0.000000E+00 0.000000E+00 0.000000E+00
 0.877500E+00 0.637374E-01 0.774173E-01 0.122940E+01 0.000000E+00 0.000000E+00 0.000000E+00 0.000000E+00 0.000000E+00
 0.880000E+00 0.638833E-01 0.774795E-01 0.122940E+01 0.000000E+00 0.000000E+00 0.000000E+00 0.000000E+00 0.000000E+00
 0.882500E+00 0.640236E-01 0.775016E-01 0.122940E+01 0.000000E+00 0.000000E+00 0.000000E+00 0.000000E+00 0.000000E+00
 0.885000E+00 0.641583E-01 0.775031E-01 0.122940E+01 0.000000E+00 0.000000E+00 0.000000E+00 0.000000E+00 0.000000E+00
 0.887500E+00 0.642877E-01 0.775031E-01 0.122940E+01 0.000000E+00 0.000000E+00 0.000000E+00 0.000000E+00 0.000000E+00
 0.890000E+00 0.644121E-01 0.775283E-01 0.122940E+01 0.000000E+00 0.000000E+00 0.000000E+00 0.000000E+00 0.000000E+00
 0.892500E+00 0.645316E-01 0.775734E-01 0.122940E+01 0.000000E+00 0.000000E+00 0.000000E+00 0.000000E+00 0.000000E+00
 0.895000E+00 0.646468E-01 0.776131E-01 0.122940E+01 0.000000E+00 0.000000E+00 0.000000E+00 0.000000E+00 0.000000E+00
 0.897500E+00 0.647580E-01 0.776326E-01 0.122940E+01 0.000000E+00 0.000000E+00 0.000000E+00 0.000000E+00 0.000000E+00
 0.900000E+00 0.648656E-01 0.776435E-01 0.122940E+01 0.000000E+00 0.000000E+00 0.000000E+00 0.000000E+00 0.000000E+00
 0.902500E+00 0.649699E-01 0.776458E-01 0.122940E+01 0.000000E+00 0.000000E+00 0.000000E+00 0.000000E+00 0.000000E+00
 0.905000E+00 0.650711E-01 0.776458E-01 0.122940E+01 0.000000E+00 0.000000E+00 0.000000E+00 0.000000E+00 0.000000E+00
 0.907500E+00 0.651692E-01 0.776480E-01 0.122940E+01 0.000000E+00 0.000000E+00 0.000000E+00 0.000000E+00 0.000000E+00
 0.910000E+00 0.652641E-01 0.776668E-01 0.122940E+01 0.000000E+00 0.000000E+00 0.000000E+00 0.000000E+00 0.000000E+00
 0.912500E+00 0.653556E-01 0.777026E-01 0.122940E+01 0.000000E+00 0.000000E+00 0.000000E+00 0.000000E+00 0.000000E+00
 0.915000E+00 0.654436E-01 0.777460E-01 0.122940E+01 0.000000E+00 0.000000E+00 0.000000E+00 0.000000E+00 0.000000E+00
 0.917500E+00 0.655279E-01 0.777928E-01 0.122940E+01 0.000000E+00 0.000000E+00 0.000000E+00 0.000000E+00 0.000000E+00
 0.920000E+00 0.656086E-01 0.778366E-01 0.122940E+01 0.000000E+00 0.000000E+00 0.000000E+00 0.000000E+00 0.000000E+00
 0.922500E+00 0.656857E-01 0.778715E-01 0.122940E+01 0.000000E+00 0.000000E+00 0.000000E+00 0.000000E+00 0.000000E+00
 0.925000E+00 0.657592E-01 0.779052E-01 0.122940E+01 0.000000E+00 0.000000E+00 0.000000E+00 0.000000E+00 0.000000E+00
 0.927500E+00 0.658292E-01 0.779339E-01 0.122940E+01 0.000000E+00 0.000000E+00 0.000000E+00 0.000000E+00 0.000000E+00
 0.930000E+00 0.658962E-01 0.779539E-01 0.122940E+01 0.000000E+00 0.000000E+00 0.000000E+00 0.000000E+00 0.000000E+00
 0.932500E+00 0.659617E-01 0.780552E-01 0.122940E+01 0.000000E+00 0.000000E+00 0.000000E+00 0.000000E+00 0.000000E+00
 0.935000E+00 0.660280E-01 0.781401E-01 0.122940E+01 0.000000E+00 0.000000E+00 0.000000E+00 0.000000E+00 0.000000E+00
 0.937500E+00 0.660980E-01 0.782164E-01 0.122940E+01 0.000000E+00 0.000000E+00 0.000000E+00 0.000000E+00 0.000000E+00
 0.940000E+00 0.661770E-01 0.782593E-01 0.122940E+01 0.000000E+00 0.000000E+00 0.000000E+00 0.000000E+00 0.000000E+00
 0.942500E+00 0.662710E-01 0.783182E-01 0.122940E+01 0.000000E+00 0.000000E+00 0.000000E+00 0.000000E+00 0.000000E+00
 0.942500E+00 0.662710E-01 0.783182E-01 0.122940E+01 0.000000E+00 0.000000E+00 0.000000E+00 0.000000E+00 0.000000E+00
 0.945000E+00 0.663814E-01 0.784049E-01 0.122940E+01 0.000000E+00 0.000000E+00 0.000000E+00 0.000000E+00 0.000000E+00
 0.942500E+00 0.662710E-01 0.783183E-01 0.122940E+01 0.000000E+00 0.000000E+00 0.000000E+00 0.000000E+00 0.000000E+00
 0.945000E+00 0.663814E-01 0.784050E-01 0.122940E+01 0.000000E+00 0.000000E+00 0.000000E+00 0.000000E+00 0.000000E+00
 0.947500E+00 0.665073E-01 0.784646E-01 0.122940E+01 0.000000E+00 0.000000E+00 0.000000E+00 0.000000E+00 0.000000E+00
 0.950000E+00 0.666486E-01 0.785153E-01 0.122940E+01 0.000000E+00 0.000000E+00 0.000000E+00 0.000000E+00 0.000000E+00
 0.952500E+00 0.668024E-01 0.785418E-01 0.122940E+01 0.000000E+00 0.000000E+00 0.000000E+00 0.000000E+00 0.000000E+00
 0.955000E+00 0.669621E-01 0.785953E-01 0.122940E+01 0.000000E+00 0.000000E+00 0.000000E+00 0.000000E+00 0.000000E+00
 0.942500E+00 0.662710E-01 0.783183E-01 0.122940E+01 0.000000E+00 0.000000E+00 0.000000E+00 0.000000E+00 0.000000E+00
 0.945000E+00 0.663814E-01 0.784050E-01 0.122940E+01 0.000000E+00 0.000000E+00 0.000000E+00 0.000000E+00 0.000000E+00
 0.947500E+00 0.665073E-01 0.784646E-01 0.122940E+01 0.000000E+00 0.000000E+00 0.000000E+00 0.000000E+00 0.000000E+00
 0.950000E+00 0.666486E-01 0.785153E-01 0.122940E+01 0.000000E+00 0.000000E+00 0.000000E+00 0.000000E+00 0.000000E+00
 0.952500E+00 0.668024E-01 0.785418E-01 0.122940E+01 0.000000E+00 0.000000E+00 0.000000E+00 0.000000E+00 0.000000E+00
 0.955000E+00 0.669621E-01 0.785953E-01 0.122940E+01 0.000000E+00 0.000000E+00 0.000000E+00 0.000000E+00 0.000000E+00
 0.957500E+00 0.671211E-01 0.786622E-01 0.122940E+01 0.000000E+00 0.000000E+00 0.000000E+00 0.000000E+00 0.000000E+00
 0.960000E+00 0.672762E-01 0.787035E-01 0.122940E+01 0.000000E+00 0.000000E+00 0.000000E+00 0.000000E+00 0.000000E+00
 0.962500E+00 0.674260E-01 0.787126E-01 0.122940E+01 0.000000E+00 0.000000E+00 0.000000E+00 0.000000E+00 0.000000E+00
 0.965000E+00 0.675702E-01 0.787500E-01 0.122940E+01 0.000000E+00 0.000000E+00 0.000000E+00 0.000000E+00 0.000000E+00
 0.967500E+00 0.677086E-01 0.788721E-01 0.122940E+01 0.000000E+00 0.000000E+00 0.000000E+00 0.000000E+00 0.000000E+00
 0.970000E+00 0.678411E-01 0.789437E-01 0.122940E+01 0.000000E+00 0.000000E+00 0.000000E+00 0.000000E+00 0.000000E+00
 0.972500E+00 0.679679E-01 0.789791E-01 0.122940E+01 0.000000E+00 0.000000E+00 0.000000E+00 0.000000E+00 0.000000E+00
 0.975000E+00 0.680889E-01 0.789993E-01 0.122940E+01 0.000000E+00 0.000000E+00 0.000000E+00 0.000000E+00 0.000000E+00
 0.977500E+00 0.682044E-01 0.790059E-01 0.122940E+01 0.000000E+00 0.000000E+00 0.000000E+00 0.000000E+00 0.000000E+00
 0.980000E+00 0.683145E-01 0.790360E-01 0.122940E+01 0.000000E+00 0.000000E+00 0.000000E+00 0.000000E+00 0.000000E+00
 0.982500E+00 0.684193E-01 0.791632E-01 0.122940E+01 0.000000E+00 0.000000E+00 0.000000E+00 0.000000E+00 0.000000E+00
 0.985000E+00 0.685191E-01 0.791745E-01 0.122940E+01 0.000000E+00 0.000000E+00 0.000000E+00 0.000000E+00 0.000000E+00
 0.987500E+00 0.686140E-01 0.791942E-01 0.122940E+01 0.000000E+00 0.000000E+00 0.000000E+00 0.000000E+00 0.000000E+00
 0.990000E+00 0.687042E-01 0.791993E-01 0.122940E+01 0.000000E+00 0.000000E+00 0.000000E+00 0.000000E+00 0.000000E+00
 0.992500E+00 0.687898E-01 0.792124E-01 0.122940E+01 0.000000E+00 0.000000E+00 0.000000E+00 0.000000E+00 0.000000E+00
 0.995000E+00 0.688708E-01 0.792295E-01 0.122940E+01 0.000000E+00 0.000000E+00 0.000000E+00 0.000000E+00 0.000000E+00
 0.997500E+00 0.689477E-01 0.792359E-01 0.122940E+01 0.000000E+00 0.000000E+00 0.000000E+00 0.000000E+00 0.000000E+00
 0.100000E+01 0.690205E-01 0.792477E-01 0.122940E+01 0.000000E+00 0.000000E+00 0.000000E+00 0.000000E+00 0.000000E+00
 0.100250E+01 0.690894E-01 0.792645E-01 0.122940E+01 0.000000E+00 0.000000E+00 0.000000E+00 0.000000E+00 0.000000E+00
 0.100500E+01 0.691547E-01 0.792959E-01 0.122940E+01 0.000000E+00 0.000000E+00 0.000000E+00 0.000000E+00 0.000000E+00
 0.100750E+01 0.692162E-01 0.793166E-01 0.122940E+01 0.000000E+00 0.000000E+00 0.000000E+00 0.000000E+00 0.000000E+00
 0.101000E+01 0.692742E-01 0.793396E-01 0.122940E+01 0.000000E+00 0.000000E+00 0.000000E+00 0.000000E+00 0.000000E+00
 0.101250E+01 0.693286E-01 0.793771E-01 0.122940E+01 0.000000E+00 0.000000E+00 0.000000E+00 0.000000E+00 0.000000E+00
 0.101500E+01 0.693796E-01 0.794015E-01 0.122940E+01 0.000000E+00 0.000000E+00 0.000000E+00 0.000000E+00 0.000000E+00
 0.101750E+01 0.694271E-01 0.794047E-01 0.122940E+01 0.000000E+00 0.000000E+00 0.000000E+00 0.000000E+00 0.000000E+00
 0.102000E+01 0.694714E-01 0.794121E-01 0.122940E+01 0.000000E+00 0.000000E+00 0.000000E+00 0.000000E+00 0.000000E+00
 0.102250E+01 0.695126E-01 0.794790E-01 0.122940E+01 0.000000E+00 0.000000E+00 0.000000E+00 0.000000E+00 0.000000E+00
 0.102500E+01 0.695506E-01 0.795829E-01 0.122940E+01 0.000000E+00 0.000000E+00 0.000000E+00 0.000000E+00 0.000000E+00
 0.102750E+01 0.695857E-01 0.796332E-01 0.122940E+01 0.000000E+00 0.000000E+00 0.000000E+00 0.000000E+00 0.000000E+00
 0.103000E+01 0.696185E-01 0.796515E-01 0.122940E+01 0.000000E+00 0.000000E+00 0.000000E+00 0.000000E+00 0.000000E+00
 0.103250E+01 0.696500E-01 0.796688E-01 0.122940E+01 0.000000E+00 0.000000E+00 0.000000E+00 0.000000E+00 0.000000E+00
 0.103500E+01 0.696812E-01 0.796808E-01 0.122940E+01 0.000000E+00 0.000000E+00 0.000000E+00 0.000000E+00 0.000000E+00
 0.103750E+01 0.697135E-01 0.797505E-01 0.122940E+01 0.000000E+00 0.000000E+00 0.000000E+00 0.000000E+00 0.000000E+00
 0.104000E+01 0.697489E-01 0.798007E-01 0.122940E+01 0.000000E+00 0.000000E+00 0.000000E+00 0.000000E+00 0.000000E+00
 0.104250E+01 0.697885E-01 0.798139E-01 0.122940E+01 0.000000E+00 0.000000E+00 0.000000E+00 0.000000E+00 0.000000E+00
 0.104500E+01 0.698313E-01 0.798233E-01 0.122940E+01 0.000000E+00 0.000000E+00 0.000000E+00 0.000000E+00 0.000000E+00
 0.104750E+01 0.698761E-01 0.798392E-01 0.122940E+01 0.000000E+00 0.000000E+00 0.000000E+00 0.000000E+00 0.000000E+00
 0.105000E+01 0.699225E-01 0.798435E-01 0.122940E+01 0.000000E+00 0.000000E+00 0.000000E+00 0.000000E+00 0.000000E+00
 0.105250E+01 0.699716E-01 0.798442E-01 0.122940E+01 0.000000E+00 0.000000E+00 0.000000E+00 0.000000E+00 0.000000E+00
 0.105500E+01 0.700271E-01 0.798520E-01 0.122940E+01 0.000000E+00 0.000000E+00 0.000000E+00 0.000000E+00 0.000000E+00
 0.105750E+01 0.700961E-01 0.798605E-01 0.122940E+01 0.000000E+00 0.000000E+00 0.000000E+00 0.000000E+00 0.000000E+00
 0.106000E+01 0.701971E-01 0.799119E-01 0.122940E+01 0.000000E+00 0.000000E+00 0.000000E+00 0.000000E+00 0.000000E+00
 0.106250E+01 0.703496E-01 0.800091E-01 0.122940E+01 0.000000E+00 0.000000E+00 0.000000E+00 0.000000E+00 0.000000E+00
 0.106500E+01 0.705378E-01 0.800647E-01 0.122940E+01 0.000000E+00 0.000000E+00 0.000000E+00 0.000000E+00 0.000000E+00
 0.106750E+01 0.707405E-01 0.800647E-01 0.122940E+01 0.000000E+00 0.000000E+00 0.000000E+00 0.000000E+00 0.000000E+00
 0.107000E+01 0.709466E-01 0.800647E-01 0.122940E+01 0.000000E+00 0.000000E+00 0.000000E+00 0.000000E+00 0.000000E+00
 0.107250E+01 0.711505E-01 0.800788E-01 0.122940E+01 0.000000E+00 0.000000E+00 0.000000E+00 0.000000E+00 0.000000E+00
 0.107500E+01 0.713496E-01 0.800917E-01 0.122940E+01 0.000000E+00 0.000000E+00 0.000000E+00 0.000000E+00 0.000000E+00
 0.107750E+01 0.715426E-01 0.800958E-01 0.122940E+01 0.000000E+00 0.000000E+00 0.000000E+00 0.000000E+00 0.000000E+00
 0.108000E+01 0.717286E-01 0.801086E-01 0.122940E+01 0.000000E+00 0.000000E+00 0.000000E+00 0.000000E+00 0.000000E+00
 0.108250E+01 0.719070E-01 0.801342E-01 0.122940E+01 0.000000E+00 0.000000E+00 0.000000E+00 0.000000E+00 0.000000E+00
 0.108500E+01 0.720776E-01 0.801683E-01 0.122940E+01 0.000000E+00 0.000000E+00 0.000000E+00 0.000000E+00 0.000000E+00
 0.108750E+01 0.722404E-01 0.801764E-01 0.122940E+01 0.000000E+00 0.000000E+00 0.000000E+00 0.000000E+00 0.000000E+00
 0.109000E+01 0.723956E-01 0.802105E-01 0.122940E+01 0.000000E+00 0.000000E+00 0.000000E+00 0.000000E+00 0.000000E+00
 0.109250E+01 0.725436E-01 0.802221E-01 0.122940E+01 0.000000E+00 0.000000E+00 0.000000E+00 0.000000E+00 0.000000E+00
 0.109500E+01 0.726847E-01 0.802221E-01 0.122940E+01 0.000000E+00 0.000000E+00 0.000000E+00 0.000000E+00 0.000000E+00
 0.109750E+01 0.728194E-01 0.802221E-01 0.122940E+01 0.000000E+00 0.000000E+00 0.000000E+00 0.000000E+00 0.000000E+00
 0.110000E+01 0.729480E-01 0.802221E-01 0.122940E+01 0.000000E+00 0.000000E+00 0.000000E+00 0.000000E+00 0.000000E+00
 0.110250E+01 0.730711E-01 0.802346E-01 0.122940E+01 0.000000E+00 0.000000E+00 0.000000E+00 0.000000E+00 0.000000E+00
 0.110500E+01 0.731889E-01 0.802584E-01 0.122940E+01 0.000000E+00 0.000000E+00 0.000000E+00 0.000000E+00 0.000000E+00
 0.110750E+01 0.733021E-01 0.802723E-01 0.122940E+01 0.000000E+00 0.000000E+00 0.000000E+00 0.000000E+00 0.000000E+00
 0.111000E+01 0.734115E-01 0.802838E-01 0.122940E+01 0.000000E+00 0.000000E+00 0.000000E+00 0.000000E+00 0.000000E+00
 0.111250E+01 0.735178E-01 0.803017E-01 0.122940E+01 0.000000E+00 0.000000E+00 0.000000E+00 0.000000E+00 0.000000E+00
 0.111500E+01 0.736223E-01 0.803251E-01 0.122940E+01 0.000000E+00 0.000000E+00 0.000000E+00 0.000000E+00 0.000000E+00
 0.111750E+01 0.737269E-01 0.803359E-01 0.122940E+01 0.000000E+00 0.000000E+00 0.000000E+00 0.000000E+00 0.000000E+00
 0.112000E+01 0.738331E-01 0.803519E-01 0.122940E+01 0.000000E+00 0.000000E+00 0.000000E+00 0.000000E+00 0.000000E+00
 0.112250E+01 0.739399E-01 0.803772E-01 0.122940E+01 0.000000E+00 0.000000E+00 0.000000E+00 0.000000E+00 0.000000E+00
 0.112500E+01 0.740454E-01 0.804015E-01 0.122940E+01 0.000000E+00 0.000000E+00 0.000000E+00 0.000000E+00 0.000000E+00
 0.112750E+01 0.741482E-01 0.804182E-01 0.122940E+01 0.000000E+00 0.000000E+00 0.000000E+00 0.000000E+00 0.000000E+00
 0.113000E+01 0.742476E-01 0.804461E-01 0.122940E+01 0.000000E+00 0.000000E+00 0.000000E+00 0.000000E+00 0.000000E+00
 0.113250E+01 0.743434E-01 0.804791E-01 0.122940E+01 0.000000E+00 0.000000E+00 0.000000E+00 0.000000E+00 0.000000E+00
 0.113500E+01 0.744352E-01 0.804935E-01 0.122940E+01 0.000000E+00 0.000000E+00 0.000000E+00 0.000000E+00 0.000000E+00
 0.113750E+01 0.745231E-01 0.805026E-01 0.122940E+01 0.000000E+00 0.000000E+00 0.000000E+00 0.000000E+00 0.000000E+00
 0.114000E+01 0.746069E-01 0.805200E-01 0.122940E+01 0.000000E+00 0.000000E+00 0.000000E+00 0.000000E+00 0.000000E+00
 0.114250E+01 0.746867E-01 0.805617E-01 0.122940E+01 0.000000E+00 0.000000E+00 0.000000E+00 0.000000E+00 0.000000E+00
 0.114500E+01 0.747622E-01 0.806034E-01 0.122940E+01 0.000000E+00 0.000000E+00 0.000000E+00 0.000000E+00 0.000000E+00
 0.114750E+01 0.748337E-01 0.806228E-01 0.122940E+01 0.000000E+00 0.000000E+00 0.000000E+00 0.000000E+00 0.000000E+00
 0.115000E+01 0.749016E-01 0.806463E-01 0.122940E+01 0.000000E+00 0.000000E+00 0.000000E+00 0.000000E+00 0.000000E+00
 0.115250E+01 0.749665E-01 0.806904E-01 0.122940E+01 0.000000E+00 0.000000E+00 0.000000E+00 0.000000E+00 0.000000E+00
 0.115500E+01 0.750287E-01 0.807160E-01 0.122940E+01 0.000000E+00 0.000000E+00 0.000000E+00 0.000000E+00 0.000000E+00
 0.115750E+01 0.750889E-01 0.807257E-01 0.122940E+01 0.000000E+00 0.000000E+00 0.000000E+00 0.000000E+00 0.000000E+00
 0.116000E+01 0.751474E-01 0.807350E-01 0.122940E+01 0.000000E+00 0.000000E+00 0.000000E+00 0.000000E+00 0.000000E+00
 0.116250E+01 0.752043E-01 0.807659E-01 0.122940E+01 0.000000E+00 0.000000E+00 0.000000E+00 0.000000E+00 0.000000E+00
 0.116500E+01 0.752597E-01 0.807954E-01 0.122940E+01 0.000000E+00 0.000000E+00 0.000000E+00 0.000000E+00 0.000000E+00
 0.116750E+01 0.753139E-01 0.808061E-01 0.122940E+01 0.000000E+00 0.000000E+00 0.000000E+00 0.000000E+00 0.000000E+00
 0.117000E+01 0.753682E-01 0.808207E-01 0.122940E+01 0.000000E+00 0.000000E+00 0.000000E+00 0.000000E+00 0.000000E+00
 0.117250E+01 0.754246E-01 0.808407E-01 0.122940E+01 0.000000E+00 0.000000E+00 0.000000E+00 0.000000E+00 0.000000E+00
 0.117500E+01 0.754857E-01 0.808565E-01 0.122940E+01 0.000000E+00 0.000000E+00 0.000000E+00 0.000000E+00 0.000000E+00
 0.117750E+01 0.755559E-01 0.808664E-01 0.122940E+01 0.000000E+00 0.000000E+00 0.000000E+00 0.000000E+00 0.000000E+00
 0.118000E+01 0.756363E-01 0.808894E-01 0.122940E+01 0.000000E+00 0.000000E+00 0.000000E+00 0.000000E+00 0.000000E+00
 0.118250E+01 0.757239E-01 0.809128E-01 0.122940E+01 0.000000E+00 0.000000E+00 0.000000E+00 0.000000E+00 0.000000E+00
 0.118500E+01 0.758169E-01 0.809297E-01 0.122940E+01 0.000000E+00 0.000000E+00 0.000000E+00 0.000000E+00 0.000000E+00
 0.118750E+01 0.759136E-01 0.809440E-01 0.122940E+01 0.000000E+00 0.000000E+00 0.000000E+00 0.000000E+00 0.000000E+00
 0.119000E+01 0.760124E-01 0.809642E-01 0.122940E+01 0.000000E+00 0.000000E+00 0.000000E+00 0.000000E+00 0.000000E+00
 0.119250E+01 0.761126E-01 0.809803E-01 0.122940E+01 0.000000E+00 0.000000E+00 0.000000E+00 0.000000E+00 0.000000E+00
 0.119500E+01 0.762136E-01 0.809924E-01 0.122940E+01 0.000000E+00 0.000000E+00 0.000000E+00 0.000000E+00 0.000000E+00
 0.119750E+01 0.763156E-01 0.810102E-01 0.122940E+01 0.000000E+00 0.000000E+00 0.000000E+00 0.000000E+00 0.000000E+00
 0.120000E+01 0.764187E-01 0.810262E-01 0.122940E+01 0.000000E+00 0.000000E+00 0.000000E+00 0.000000E+00 0.000000E+00
 0.120250E+01 0.765235E-01 0.810415E-01 0.122940E+01 0.000000E+00 0.000000E+00 0.000000E+00 0.000000E+00 0.000000E+00
 0.120500E+01 0.766302E-01 0.810597E-01 0.122940E+01 0.000000E+00 0.000000E+00 0.000000E+00 0.000000E+00 0.000000E+00
 0.120750E+01 0.767391E-01 0.810895E-01 0.122940E+01 0.000000E+00 0.000000E+00 0.000000E+00 0.000000E+00 0.000000E+00
 0.121000E+01 0.768496E-01 0.811187E-01 0.122940E+01 0.000000E+00 0.000000E+00 0.000000E+00 0.000000E+00 0.000000E+00
 0.121250E+01 0.769599E-01 0.811359E-01 0.122940E+01 0.000000E+00 0.000000E+00 0.000000E+00 0.000000E+00 0.000000E+00
 0.121500E+01 0.770689E-01 0.811457E-01 0.122940E+01 0.000000E+00 0.000000E+00 0.000000E+00 0.000000E+00 0.000000E+00
 0.121750E+01 0.771759E-01 0.811620E-01 0.122940E+01 0.000000E+00 0.000000E+00 0.000000E+00 0.000000E+00 0.000000E+00
 0.122000E+01 0.772810E-01 0.811795E-01 0.122940E+01 0.000000E+00 0.000000E+00 0.000000E+00 0.000000E+00 0.000000E+00
 0.122250E+01 0.773844E-01 0.812022E-01 0.122940E+01 0.000000E+00 0.000000E+00 0.000000E+00 0.000000E+00 0.000000E+00
 0.122500E+01 0.774866E-01 0.812267E-01 0.122940E+01 0.000000E+00 0.000000E+00 0.000000E+00 0.000000E+00 0.000000E+00
 0.122750E+01 0.775879E-01 0.812394E-01 0.122940E+01 0.000000E+00 0.000000E+00 0.000000E+00 0.000000E+00 0.000000E+00
 0.123000E+01 0.776894E-01 0.812570E-01 0.122940E+01 0.000000E+00 0.000000E+00 0.000000E+00 0.000000E+00 0.000000E+00
 0.123250E+01 0.777958E-01 0.812704E-01 0.122940E+01 0.000000E+00 0.000000E+00 0.000000E+00 0.000000E+00 0.000000E+00
 0.123500E+01 0.779152E-01 0.812874E-01 0.122940E+01 0.000000E+00 0.000000E+00 0.000000E+00 0.000000E+00 0.000000E+00
 0.123750E+01 0.780671E-01 0.813060E-01 0.122940E+01 0.000000E+00 0.000000E+00 0.000000E+00 0.000000E+00 0.000000E+00
 0.124000E+01 0.782831E-01 0.813163E-01 0.122940E+01 0.000000E+00 0.000000E+00 0.000000E+00 0.000000E+00 0.000000E+00
 0.124250E+01 0.785631E-01 0.813405E-01 0.122940E+01 0.000000E+00 0.000000E+00 0.000000E+00 0.000000E+00 0.000000E+00
 0.124500E+01 0.788865E-01 0.813647E-01 0.122940E+01 0.000000E+00 0.000000E+00 0.000000E+00 0.000000E+00 0.000000E+00
 0.124750E+01 0.792270E-01 0.813767E-01 0.122940E+01 0.000000E+00 0.000000E+00 0.000000E+00 0.000000E+00 0.000000E+00
 0.125000E+01 0.795691E-01 0.813902E-01 0.122940E+01 0.000000E+00 0.000000E+00 0.000000E+00 0.000000E+00 0.000000E+00
 0.125250E+01 0.799057E-01 0.814154E-01 0.122940E+01 0.000000E+00 0.000000E+00 0.000000E+00 0.000000E+00 0.000000E+00
 0.125500E+01 0.802351E-01 0.814317E-01 0.122940E+01 0.000000E+00 0.000000E+00 0.000000E+00 0.000000E+00 0.000000E+00
 0.125750E+01 0.805595E-01 0.814440E-01 0.122940E+01 0.000000E+00 0.000000E+00 0.000000E+00 0.000000E+00 0.000000E+00
 0.126000E+01 0.808772E-01 0.814617E-01 0.122940E+01 0.000000E+00 0.000000E+00 0.000000E+00 0.000000E+00 0.000000E+00
 0.126250E+01 0.811853E-01 0.814829E-01 0.122940E+01 0.000000E+00 0.000000E+00 0.000000E+00 0.000000E+00 0.000000E+00
 0.126500E+01 0.814819E-01 0.814955E-01 0.122940E+01 0.000000E+00 0.000000E+00 0.000000E+00 0.000000E+00 0.000000E+00
 0.126750E+01 0.817664E-01 0.815089E-01 0.122940E+01 0.000000E+00 0.000000E+00 0.000000E+00 0.000000E+00 0.000000E+00
 0.127000E+01 0.820394E-01 0.815311E-01 0.122940E+01 0.000000E+00 0.000000E+00 0.000000E+00 0.000000E+00 0.000000E+00
 0.127250E+01 0.823008E-01 0.815496E-01 0.122940E+01 0.000000E+00 0.000000E+00 0.000000E+00 0.000000E+00 0.000000E+00
 0.127500E+01 0.825497E-01 0.815616E-01 0.122940E+01 0.000000E+00 0.000000E+00 0.000000E+00 0.000000E+00 0.000000E+00
 0.127750E+01 0.827859E-01 0.815743E-01 0.122940E+01 0.000000E+00 0.000000E+00 0.000000E+00 0.000000E+00 0.000000E+00
 0.128000E+01 0.830099E-01 0.816052E-01 0.122940E+01 0.000000E+00 0.000000E+00 0.000000E+00 0.000000E+00 0.000000E+00
 0.128250E+01 0.832222E-01 0.816247E-01 0.122940E+01 0.000000E+00 0.000000E+00 0.000000E+00 0.000000E+00 0.000000E+00
 0.128500E+01 0.834242E-01 0.816341E-01 0.122940E+01 0.000000E+00 0.000000E+00 0.000000E+00 0.000000E+00 0.000000E+00
 0.128750E+01 0.836174E-01 0.816506E-01 0.122940E+01 0.000000E+00 0.000000E+00 0.000000E+00 0.000000E+00 0.000000E+00
 0.129000E+01 0.838043E-01 0.816644E-01 0.122940E+01 0.000000E+00 0.000000E+00 0.000000E+00 0.000000E+00 0.000000E+00
 0.129250E+01 0.839849E-01 0.816830E-01 0.122940E+01 0.000000E+00 0.000000E+00 0.000000E+00 0.000000E+00 0.000000E+00
 0.129500E+01 0.841583E-01 0.816938E-01 0.122940E+01 0.000000E+00 0.000000E+00 0.000000E+00 0.000000E+00 0.000000E+00
 0.129750E+01 0.843244E-01 0.817129E-01 0.122940E+01 0.000000E+00 0.000000E+00 0.000000E+00 0.000000E+00 0.000000E+00
 0.130000E+01 0.844831E-01 0.817300E-01 0.122940E+01 0.000000E+00 0.000000E+00 0.000000E+00 0.000000E+00 0.000000E+00
 0.130250E+01 0.846345E-01 0.817423E-01 0.122940E+01 0.000000E+00 0.000000E+00 0.000000E+00 0.000000E+00 0.000000E+00
 0.130500E+01 0.847784E-01 0.817544E-01 0.122940E+01 0.000000E+00 0.000000E+00 0.000000E+00 0.000000E+00 0.000000E+00
 0.130750E+01 0.849152E-01 0.817740E-01 0.122940E+01 0.000000E+00 0.000000E+00 0.000000E+00 0.000000E+00 0.000000E+00
 0.131000E+01 0.850447E-01 0.817896E-01 0.122940E+01 0.000000E+00 0.000000E+00 0.000000E+00 0.000000E+00 0.000000E+00
 0.131250E+01 0.851674E-01 0.818144E-01 0.122940E+01 0.000000E+00 0.000000E+00 0.000000E+00 0.000000E+00 0.000000E+00
 0.131500E+01 0.852834E-01 0.818256E-01 0.122940E+01 0.000000E+00 0.000000E+00 0.000000E+00 0.000000E+00 0.000000E+00
 0.131750E+01 0.853931E-01 0.818432E-01 0.122940E+01 0.000000E+00 0.000000E+00 0.000000E+00 0.000000E+00 0.000000E+00
 0.132000E+01 0.854969E-01 0.818729E-01 0.122940E+01 0.000000E+00 0.000000E+00 0.000000E+00 0.000000E+00 0.000000E+00
 0.132250E+01 0.855951E-01 0.818900E-01 0.122940E+01 0.000000E+00 0.000000E+00 0.000000E+00 0.000000E+00 0.000000E+00
 0.132500E+01 0.856879E-01 0.818999E-01 0.122940E+01 0.000000E+00 0.000000E+00 0.000000E+00 0.000000E+00 0.000000E+00
 0.132750E+01 0.857756E-01 0.819104E-01 0.122940E+01 0.000000E+00 0.000000E+00 0.000000E+00 0.000000E+00 0.000000E+00
 0.133000E+01 0.858583E-01 0.819263E-01 0.122940E+01 0.000000E+00 0.000000E+00 0.000000E+00 0.000000E+00 0.000000E+00
 0.133250E+01 0.859362E-01 0.819390E-01 0.122940E+01 0.000000E+00 0.000000E+00 0.000000E+00 0.000000E+00 0.000000E+00
 0.133500E+01 0.860095E-01 0.819544E-01 0.122940E+01 0.000000E+00 0.000000E+00 0.000000E+00 0.000000E+00 0.000000E+00
 0.133750E+01 0.860782E-01 0.819683E-01 0.122940E+01 0.000000E+00 0.000000E+00 0.000000E+00 0.000000E+00 0.000000E+00
 0.134000E+01 0.861425E-01 0.819870E-01 0.122940E+01 0.000000E+00 0.000000E+00 0.000000E+00 0.000000E+00 0.000000E+00
 0.134250E+01 0.862026E-01 0.819987E-01 0.122940E+01 0.000000E+00 0.000000E+00 0.000000E+00 0.000000E+00 0.000000E+00
 0.134500E+01 0.862588E-01 0.820145E-01 0.122940E+01 0.000000E+00 0.000000E+00 0.000000E+00 0.000000E+00 0.000000E+00
 0.134750E+01 0.863113E-01 0.820322E-01 0.122940E+01 0.000000E+00 0.000000E+00 0.000000E+00 0.000000E+00 0.000000E+00
 0.135000E+01 0.863603E-01 0.820423E-01 0.122940E+01 0.000000E+00 0.000000E+00 0.000000E+00 0.000000E+00 0.000000E+00
 0.135250E+01 0.864062E-01 0.820594E-01 0.122940E+01 0.000000E+00 0.000000E+00 0.000000E+00 0.000000E+00 0.000000E+00
 0.135500E+01 0.864491E-01 0.820711E-01 0.122940E+01 0.000000E+00 0.000000E+00 0.000000E+00 0.000000E+00 0.000000E+00
 0.135750E+01 0.864894E-01 0.820899E-01 0.122940E+01 0.000000E+00 0.000000E+00 0.000000E+00 0.000000E+00 0.000000E+00
 0.136000E+01 0.865273E-01 0.821034E-01 0.122940E+01 0.000000E+00 0.000000E+00 0.000000E+00 0.000000E+00 0.000000E+00
 0.136250E+01 0.865628E-01 0.821143E-01 0.122940E+01 0.000000E+00 0.000000E+00 0.000000E+00 0.000000E+00 0.000000E+00
 0.136500E+01 0.865963E-01 0.821343E-01 0.122940E+01 0.000000E+00 0.000000E+00 0.000000E+00 0.000000E+00 0.000000E+00
 0.136750E+01 0.866279E-01 0.821480E-01 0.122940E+01 0.000000E+00 0.000000E+00 0.000000E+00 0.000000E+00 0.000000E+00
 0.137000E+01 0.866577E-01 0.821636E-01 0.122940E+01 0.000000E+00 0.000000E+00 0.000000E+00 0.000000E+00 0.000000E+00
 0.137250E+01 0.866858E-01 0.821756E-01 0.122940E+01 0.000000E+00 0.000000E+00 0.000000E+00 0.000000E+00 0.000000E+00
 0.137500E+01 0.867123E-01 0.821950E-01 0.122940E+01 0.000000E+00 0.000000E+00 0.000000E+00 0.000000E+00 0.000000E+00
 0.137750E+01 0.867373E-01 0.822116E-01 0.122940E+01 0.000000E+00 0.000000E+00 0.000000E+00 0.000000E+00 0.000000E+00
 0.138000E+01 0.867609E-01 0.822248E-01 0.122940E+01 0.000000E+00 0.000000E+00 0.000000E+00 0.000000E+00 0.000000E+00
 0.138250E+01 0.867832E-01 0.822446E-01 0.122940E+01 0.000000E+00 0.000000E+00 0.000000E+00 0.000000E+00 0.000000E+00
 0.138500E+01 0.868043E-01 0.822558E-01 0.122940E+01 0.000000E+00 0.000000E+00 0.000000E+00 0.000000E+00 0.000000E+00
 0.138750E+01 0.868245E-01 0.822672E-01 0.122940E+01 0.000000E+00 0.000000E+00 0.000000E+00 0.000000E+00 0.000000E+00
 0.139000E+01 0.868436E-01 0.822840E-01 0.122940E+01 0.000000E+00 0.000000E+00 0.000000E+00 0.000000E+00 0.000000E+00
 0.139250E+01 0.868620E-01 0.822942E-01 0.122940E+01 0.000000E+00 0.000000E+00 0.000000E+00 0.000000E+00 0.000000E+00
 0.139500E+01 0.868797E-01 0.823067E-01 0.122940E+01 0.000000E+00 0.000000E+00 0.000000E+00 0.000000E+00 0.000000E+00
 0.139750E+01 0.868967E-01 0.823185E-01 0.122940E+01 0.000000E+00 0.000000E+00 0.000000E+00 0.000000E+00 0.000000E+00
 0.140000E+01 0.869133E-01 0.823310E-01 0.122940E+01 0.000000E+00 0.000000E+00 0.000000E+00 0.000000E+00 0.000000E+00
 0.140250E+01 0.869295E-01 0.823491E-01 0.122940E+01 0.000000E+00 0.000000E+00 0.000000E+00 0.000000E+00 0.000000E+00
 0.140500E+01 0.869453E-01 0.823667E-01 0.122940E+01 0.000000E+00 0.000000E+00 0.000000E+00 0.000000E+00 0.000000E+00
 0.140750E+01 0.869608E-01 0.823866E-01 0.122940E+01 0.000000E+00 0.000000E+00 0.000000E+00 0.000000E+00 0.000000E+00
 0.141000E+01 0.869761E-01 0.823966E-01 0.122940E+01 0.000000E+00 0.000000E+00 0.000000E+00 0.000000E+00 0.000000E+00
 0.141250E+01 0.869911E-01 0.824092E-01 0.122940E+01 0.000000E+00 0.000000E+00 0.000000E+00 0.000000E+00 0.000000E+00
 0.141500E+01 0.870057E-01 0.824192E-01 0.122940E+01 0.000000E+00 0.000000E+00 0.000000E+00 0.000000E+00 0.000000E+00
 0.141750E+01 0.870197E-01 0.824335E-01 0.122940E+01 0.000000E+00 0.000000E+00 0.000000E+00 0.000000E+00 0.000000E+00
 0.142000E+01 0.870331E-01 0.824442E-01 0.122940E+01 0.000000E+00 0.000000E+00 0.000000E+00 0.000000E+00 0.000000E+00
 0.142250E+01 0.870459E-01 0.824589E-01 0.122940E+01 0.000000E+00 0.000000E+00 0.000000E+00 0.000000E+00 0.000000E+00
 0.142500E+01 0.870581E-01 0.824746E-01 0.122940E+01 0.000000E+00 0.000000E+00 0.000000E+00 0.000000E+00 0.000000E+00
 0.142750E+01 0.870697E-01 0.824851E-01 0.122940E+01 0.000000E+00 0.000000E+00 0.000000E+00 0.000000E+00 0.000000E+00
 0.143000E+01 0.870808E-01 0.825011E-01 0.122940E+01 0.000000E+00 0.000000E+00 0.000000E+00 0.000000E+00 0.000000E+00
 0.143250E+01 0.870912E-01 0.825122E-01 0.122940E+01 0.000000E+00 0.000000E+00 0.000000E+00 0.000000E+00 0.000000E+00
 0.143500E+01 0.871012E-01 0.825247E-01 0.122940E+01 0.000000E+00 0.000000E+00 0.000000E+00 0.000000E+00 0.000000E+00
 0.143750E+01 0.871106E-01 0.825351E-01 0.122940E+01 0.000000E+00 0.000000E+00 0.000000E+00 0.000000E+00 0.000000E+00
 0.144000E+01 0.871196E-01 0.825477E-01 0.122940E+01 0.000000E+00 0.000000E+00 0.000000E+00 0.000000E+00 0.000000E+00
 0.144250E+01 0.871282E-01 0.825595E-01 0.122940E+01 0.000000E+00 0.000000E+00 0.000000E+00 0.000000E+00 0.000000E+00
 0.144500E+01 0.871363E-01 0.825706E-01 0.122940E+01 0.000000E+00 0.000000E+00 0.000000E+00 0.000000E+00 0.000000E+00
 0.144750E+01 0.871440E-01 0.825826E-01 0.122940E+01 0.000000E+00 0.000000E+00 0.000000E+00 0.000000E+00 0.000000E+00
 0.145000E+01 0.871514E-01 0.825974E-01 0.122940E+01 0.000000E+00 0.000000E+00 0.000000E+00 0.000000E+00 0.000000E+00
 0.145250E+01 0.871584E-01 0.826116E-01 0.122940E+01 0.000000E+00 0.000000E+00 0.000000E+00 0.000000E+00 0.000000E+00
 0.145500E+01 0.871652E-01 0.826218E-01 0.122940E+01 0.000000E+00 0.000000E+00 0.000000E+00 0.000000E+00 0.000000E+00
 0.145750E+01 0.871716E-01 0.826323E-01 0.122940E+01 0.000000E+00 0.000000E+00 0.000000E+00 0.000000E+00 0.000000E+00
 0.146000E+01 0.871778E-01 0.826466E-01 0.122940E+01 0.000000E+00 0.000000E+00 0.000000E+00 0.000000E+00 0.000000E+00
 0.146250E+01 0.871836E-01 0.826687E-01 0.122940E+01 0.000000E+00 0.000000E+00 0.000000E+00 0.000000E+00 0.000000E+00
 0.146500E+01 0.871891E-01 0.826953E-01 0.122940E+01 0.000000E+00 0.000000E+00 0.000000E+00 0.000000E+00 0.000000E+00
 0.146750E+01 0.871945E-01 0.827131E-01 0.122940E+01 0.000000E+00 0.000000E+00 0.000000E+00 0.000000E+00 0.000000E+00
 0.147000E+01 0.871996E-01 0.827226E-01 0.122940E+01 0.000000E+00 0.000000E+00 0.000000E+00 0.000000E+00 0.000000E+00
 0.147250E+01 0.872045E-01 0.827305E-01 0.122940E+01 0.000000E+00 0.000000E+00 0.000000E+00 0.000000E+00 0.000000E+00
 0.147500E+01 0.872093E-01 0.827460E-01 0.122940E+01 0.000000E+00 0.000000E+00 0.000000E+00 0.000000E+00 0.000000E+00
 0.147750E+01 0.872138E-01 0.827629E-01 0.122940E+01 0.000000E+00 0.000000E+00 0.000000E+00 0.000000E+00 0.000000E+00
 0.148000E+01 0.872182E-01 0.827794E-01 0.122940E+01 0.000000E+00 0.000000E+00 0.000000E+00 0.000000E+00 0.000000E+00
 0.148250E+01 0.872224E-01 0.827960E-01 0.122940E+01 0.000000E+00 0.000000E+00 0.000000E+00 0.000000E+00 0.000000E+00
 0.148500E+01 0.872264E-01 0.828133E-01 0.122940E+01 0.000000E+00 0.000000E+00 0.000000E+00 0.000000E+00 0.000000E+00
 0.148750E+01 0.872303E-01 0.828309E-01 0.122940E+01 0.000000E+00 0.000000E+00 0.000000E+00 0.000000E+00 0.000000E+00
 0.149000E+01 0.872340E-01 0.828468E-01 0.122940E+01 0.000000E+00 0.000000E+00 0.000000E+00 0.000000E+00 0.000000E+00
 0.149250E+01 0.872375E-01 0.828618E-01 0.122940E+01 0.000000E+00 0.000000E+00 0.000000E+00 0.000000E+00 0.000000E+00
 0.149500E+01 0.872409E-01 0.828758E-01 0.122940E+01 0.000000E+00 0.000000E+00 0.000000E+00 0.000000E+00 0.000000E+00
 0.149750E+01 0.872441E-01 0.828902E-01 0.122940E+01 0.000000E+00 0.000000E+00 0.000000E+00 0.000000E+00 0.000000E+00
 0.150000E+01 0.872471E-01 0.829081E-01 0.122940E+01 0.000000E+00 0.000000E+00 0.000000E+00 0.000000E+00 0.000000E+00
