8.28949e+202
1.21366e+207
-1.65288e+299
7.65552e+208
2.34241e+209
5.60801e+209
1.14775e+210
2.1065e+210
3.56835e+210
5.68451e+210
8.62608e+210
1.2584e+211
1.77693e+211
2.44125e+211
3.27645e+211
4.30959e+211
5.56969e+211
7.08781e+211
8.89697e+211
1.10322e+212
1.35304e+212
1.64308e+212
1.97741e+212
2.36035e+212
2.79638e+212
3.2902e+212
3.84671e+212
4.471e+212
5.16836e+212
5.94429e+212
6.80446e+212
7.75478e+212
8.80132e+212
9.95038e+212
1.12084e+213
1.25822e+213
1.40785e+213
1.57045e+213
1.74674e+213
1.93747e+213
2.14341e+213
2.36535e+213
2.60409e+213
2.86047e+213
3.13532e+213
3.42952e+213
3.74396e+213
4.07954e+213
4.43719e+213
4.81785e+213
5.2225e+213
5.65212e+213
6.10771e+213
6.59031e+213
7.10096e+213
7.64072e+213
8.21068e+213
8.81195e+213
9.44566e+213
1.01129e+214
1.0815e+214
1.15529e+214
1.2328e+214
1.31415e+214
1.39946e+214
1.48885e+214
1.58246e+214
1.68042e+214
1.78286e+214
1.8899e+214
2.0017e+214
2.11839e+214
2.24011e+214
2.36699e+214
2.4992e+214
2.63686e+214
2.78014e+214
2.92917e+214
3.08412e+214
3.24514e+214
3.41238e+214
3.58601e+214
3.76617e+214
3.95305e+214
4.14679e+214
4.34756e+214
4.55554e+214
4.7709e+214
4.9938e+214
5.22442e+214
5.46295e+214
5.70954e+214
5.96439e+214
6.22768e+214
6.49959e+214
6.78031e+214
7.07003e+214
7.36893e+214
7.67721e+214
7.99507e+214
